[gd_scene load_steps=7 format=3 uid="uid://rykj8x0qv7ey"]

[ext_resource type="PackedScene" uid="uid://cuygsh7peyrad" path="res://assets/pirate/structures/structure-platform-mountain.glb" id="1_u36a6"]
[ext_resource type="PackedScene" uid="uid://crg8korvqui82" path="res://assets/town/stairs/stairs-wide-wood.glb" id="2_u36a6"]

[sub_resource type="BoxShape3D" id="BoxShape3D_u36a6"]
size = Vector3(2, 1, 5.6653137)

[sub_resource type="BoxShape3D" id="BoxShape3D_vbpl8"]
size = Vector3(2, 0.9550781, 0.925148)

[sub_resource type="BoxShape3D" id="BoxShape3D_7jg7q"]
size = Vector3(2, 1, 3)

[sub_resource type="BoxShape3D" id="BoxShape3D_psase"]
size = Vector3(2, 0.9550781, 0.925148)

[node name="MountainBridge-1" type="Node3D"]

[node name="structure-platform-mountain" parent="." instance=ExtResource("1_u36a6")]
transform = Transform3D(1, 0, 0, 0, 1, 0, 0, 0, 1, 0, -2, -4)

[node name="structure-platform-mountain2" parent="." instance=ExtResource("1_u36a6")]

[node name="structure-platform-mountain3" parent="." instance=ExtResource("1_u36a6")]
transform = Transform3D(1, 0, 0, 0, 1, 0, 0, 0, 1, 0, 4, 6)

[node name="stairs-wide-wood2" parent="." instance=ExtResource("2_u36a6")]
transform = Transform3D(-8.742278e-08, 0, -2, 0, 2, 0, 2, 0, -8.742278e-08, 0, -1.9, -2)

[node name="stairs-wide-wood4" parent="." instance=ExtResource("2_u36a6")]
transform = Transform3D(-8.742278e-08, 0, -2, 0, 2, 0, 2, 0, -8.742278e-08, 0, -3.9, -6)

[node name="stairs-wide-wood3" parent="." instance=ExtResource("2_u36a6")]
transform = Transform3D(-8.742278e-08, 0, -2, 0, 2, 0, 2, 0, -8.742278e-08, 0, 0.100000024, 2)

[node name="stairs-wide-wood5" parent="." instance=ExtResource("2_u36a6")]
transform = Transform3D(-8.742278e-08, 0, -2, 0, 2, 0, 2, 0, -8.742278e-08, 0, 2.1, 4)

[node name="StaticBody3D" type="StaticBody3D" parent="."]
transform = Transform3D(-1, 0, -8.742278e-08, 0, 1, 0, 8.742278e-08, 0, -1, 0, 0, 2)

[node name="CollisionShape3D" type="CollisionShape3D" parent="StaticBody3D"]
transform = Transform3D(1, 0, 0, 0, 0.70710677, -0.70710677, 0, 0.70710677, 0.70710677, -1.4901161e-08, 1.7953569, -1.1114689)
shape = SubResource("BoxShape3D_u36a6")

[node name="CollisionShape3D3" type="CollisionShape3D" parent="StaticBody3D"]
transform = Transform3D(1, 0, 0, 0, 1, 0, 0, 0, 1, 0, 3.677539, -3.2318833)
shape = SubResource("BoxShape3D_vbpl8")

[node name="CollisionShape3D2" type="CollisionShape3D" parent="StaticBody3D"]
transform = Transform3D(1, 0, 0, 0, 0.70710677, -0.70710677, 0, 0.70710677, 0.70710677, -5.394378e-07, -1.2623127, 3.9462006)
shape = SubResource("BoxShape3D_7jg7q")

[node name="CollisionShape3D4" type="CollisionShape3D" parent="StaticBody3D"]
transform = Transform3D(1, 0, 0, 0, 1, 0, 0, 0, 1, -5.2453663e-07, -0.3224609, 2.7681167)
shape = SubResource("BoxShape3D_psase")

[node name="CollisionShape3D5" type="CollisionShape3D" parent="StaticBody3D"]
transform = Transform3D(1, 0, 0, 0, 0.70710677, -0.70710677, 0, 0.70710677, 0.70710677, -8.8912884e-07, -3.2623127, 7.9462004)
shape = SubResource("BoxShape3D_7jg7q")

[node name="CollisionShape3D6" type="CollisionShape3D" parent="StaticBody3D"]
transform = Transform3D(1, 0, 0, 0, 1, 0, 0, 0, 1, -8.742278e-07, -2.322461, 6.768117)
shape = SubResource("BoxShape3D_psase")
