[gd_scene load_steps=98 format=3 uid="uid://byfhqtkkcefl2"]

[ext_resource type="PackedScene" uid="uid://gjk5y26xk1ud" path="res://assets/graveyard/gravestone/gravestone-bevel.glb" id="1_5xhig"]
[ext_resource type="Script" uid="uid://bxc5rpm6q3cwm" path="res://scripts/tortuga/barbe-drue/bouteille_note_lisible.gd" id="1_c7jrm"]
[ext_resource type="Script" uid="uid://bkxghrcx478fh" path="res://scripts/tortuga/barbe-drue/bouteille_note_illisible.gd" id="1_jit35"]
[ext_resource type="PackedScene" uid="uid://b5xtrnp1f2eg7" path="res://assets/pirate/props/bottle.glb" id="1_wohch"]
[ext_resource type="Script" uid="uid://wy3vixpfla76" path="res://scripts/tortuga/hung-connut/stone-hung-connut.gd" id="2_7h4df"]
[ext_resource type="PackedScene" uid="uid://dn1b4sjm530aw" path="res://assets/pirate/plant/grass.glb" id="2_wohch"]
[ext_resource type="Script" uid="uid://d16eq5jx6cour" path="res://scripts/tortuga/hung-connut/page-hung-connut.gd" id="3_7h4df"]
[ext_resource type="PackedScene" uid="uid://0orcol7h3owh" path="res://assets/pirate/patch-grass.glb" id="3_jit35"]
[ext_resource type="PackedScene" uid="uid://nuvlejq8qd0s" path="res://assets/pirate/plant/palm-bend.glb" id="4_c7jrm"]
[ext_resource type="PackedScene" uid="uid://biv43nrtuadi8" path="res://assets/pirate/plant/palm-detailed-bend.glb" id="5_iswrd"]
[ext_resource type="PackedScene" uid="uid://bagjq72im08wg" path="res://assets/pirate/plant/grass-plant.glb" id="6_j21kd"]
[ext_resource type="Script" uid="uid://b8l6pcos8ev35" path="res://scripts/tortuga/barbe-drue/parchemin-coline-q1.gd" id="6_tny17"]
[ext_resource type="PackedScene" uid="uid://ckwih5ror4ch4" path="res://assets/pirate/structures/platform-no-colid.glb" id="11_tny17"]
[ext_resource type="PackedScene" uid="uid://vw74rm8d4xum" path="res://assets/town/planks/planks-simple.glb" id="14_8eg22"]
[ext_resource type="PackedScene" uid="uid://dmaafib4va3vr" path="res://assets/pirate/flag/flag-pirate-high-pennant.glb" id="15_l2qgb"]
[ext_resource type="PackedScene" uid="uid://bccgsgntmpy52" path="res://assets/pirate/plant/palm-straight.glb" id="16_pie5s"]
[ext_resource type="PackedScene" uid="uid://s4a6bqleywes" path="res://assets/graveyard/wall/brick-wall-curve.glb" id="17_1y57q"]
[ext_resource type="PackedScene" uid="uid://drk5dqotdgk20" path="res://assets/pirate/plant/palm-detailed-straight.glb" id="17_aveh0"]
[ext_resource type="PackedScene" uid="uid://cw6drohyqv0hi" path="res://assets/graveyard/gravestone/gravestone-cross.glb" id="17_l2qgb"]
[ext_resource type="PackedScene" uid="uid://cddoflww4nmld" path="res://assets/graveyard/wall/brick-wall.glb" id="18_8eg22"]
[ext_resource type="PackedScene" uid="uid://m5x8alnnip8v" path="res://assets/pirate/plant/grass-patch.glb" id="18_bsjpt"]
[ext_resource type="Script" uid="uid://c645dmkubin6h" path="res://scripts/tortuga/barbe-drue/tomb-barde-drue.gd" id="18_pie5s"]
[ext_resource type="PackedScene" uid="uid://dqjvdao1ganeg" path="res://assets/nature/path/path_stone.glb" id="19_duvqq"]
[ext_resource type="PackedScene" uid="uid://cxya32nmglnq4" path="res://scenes/tortuga/tortuga_wall.tscn" id="19_n6usc"]
[ext_resource type="PackedScene" uid="uid://d2d7oty4ebqab" path="res://scenes/tortuga/tortuga_capitainerie.tscn" id="20_eu0va"]
[ext_resource type="PackedScene" uid="uid://bnpao1cdi5aee" path="res://assets/graveyard/wall/brick-wall-end.glb" id="20_pie5s"]
[ext_resource type="PackedScene" uid="uid://cy1emgfc3p51p" path="res://assets/pirate/structures/structure-fence-sides.glb" id="21_lrpya"]
[ext_resource type="PackedScene" uid="uid://bw666kf55m31r" path="res://assets/pirate/structures/structure-platform-dock-long.glb" id="22_8hael"]
[ext_resource type="PackedScene" uid="uid://rht7nkabco3w" path="res://assets/pirate/props/chest.glb" id="22_aveh0"]
[ext_resource type="Script" uid="uid://s2din2pw3tj7" path="res://scripts/tortuga/barbe-drue/coffre-barde-drue.gd" id="23_bsjpt"]
[ext_resource type="PackedScene" uid="uid://cmvqtrxe3klxe" path="res://scenes/water/WaterPlane.tscn" id="23_nxrjy"]
[ext_resource type="PackedScene" uid="uid://bc454sdsvgswp" path="res://scenes/tortuga/tortuga_oasis_arbre_defendu.tscn" id="24_6ef8d"]
[ext_resource type="PackedScene" uid="uid://c8y6go07dabnn" path="res://scenes/tortuga/tortuga_auberge.tscn" id="24_ew2kh"]
[ext_resource type="PackedScene" uid="uid://biadyt2j3gtyg" path="res://scenes/tortuga/tortuga_reserve.tscn" id="25_2pcv4"]
[ext_resource type="PackedScene" uid="uid://dru71m0k1pta1" path="res://assets/pirate/props/crate.glb" id="26_h2gq6"]
[ext_resource type="PackedScene" uid="uid://brird11bbbwv0" path="res://scenes/tortuga/tortuga_dortoir.tscn" id="26_ntxr1"]
[ext_resource type="PackedScene" uid="uid://dpjhqteufdpw7" path="res://assets/props/oga_scroll.glb" id="27_ggmis"]
[ext_resource type="PackedScene" uid="uid://blifncbh7xys7" path="res://scenes/tortuga/tortuga_reserve_d_or.tscn" id="27_veopy"]
[ext_resource type="PackedScene" uid="uid://ukreens1wy4a" path="res://scenes/tortuga/tortuga_wall_coffre.tscn" id="28_b2pjt"]
[ext_resource type="Script" uid="uid://co84wje5bypgt" path="res://scripts/tortuga/barbe-drue/parchemin-montagne-capitainerie.gd" id="28_ggmis"]
[ext_resource type="PackedScene" uid="uid://bagm6lyjb83lg" path="res://scenes/tortuga/tortuga_brasserie.tscn" id="29_w1jow"]
[ext_resource type="PackedScene" uid="uid://bqwr1sdl4wvhs" path="res://scenes/tortuga/tortuga_armurerie.tscn" id="30_5obc8"]
[ext_resource type="PackedScene" uid="uid://bl8gqk34ub2cy" path="res://assets/pirate/props/crate-bottles.glb" id="31_acrrl"]
[ext_resource type="Script" uid="uid://b6g5nehmn2bfi" path="res://scripts/props/escalator.gd" id="32_7h4df"]
[ext_resource type="PackedScene" uid="uid://cj2nivoroln0s" path="res://assets/nature/plant/crops/crops_bambooStageB.glb" id="32_67xyg"]
[ext_resource type="PackedScene" uid="uid://f25oaswt3cuq" path="res://assets/pirate/props/barrel.glb" id="32_tny17"]
[ext_resource type="PackedScene" uid="uid://c4g8d08ibg0qg" path="res://scenes/props/teleporteur.tscn" id="37_7h4df"]
[ext_resource type="PackedScene" uid="uid://dhs4c8ws3pmss" path="res://assets/nature/path/path_stoneEnd.glb" id="41_67xyg"]
[ext_resource type="PackedScene" uid="uid://cebukdt56qsby" path="res://assets/pirate/plant/grass-patch-colid.glb" id="42_e43uk"]
[ext_resource type="PackedScene" uid="uid://dr8atgydxkkga" path="res://scenes/tortuga/tortuga_champ_culture.tscn" id="43_3anhr"]
[ext_resource type="PackedScene" uid="uid://cy4nht2h8osif" path="res://assets/character/pnj.tscn" id="44_gnvru"]
[ext_resource type="Script" uid="uid://jpax05wqdl26" path="res://scripts/tortuga/pnj-fermier-nino.gd" id="45_3lmt7"]
[ext_resource type="Script" uid="uid://ct0xwefe3spi0" path="res://scripts/tortuga/tibbeau-rhum-vide.gd" id="45_e43uk"]
[ext_resource type="PackedScene" uid="uid://cjxowsxfha55l" path="res://assets/character/graveyard/character-keeper.glb" id="46_mi0el"]
[ext_resource type="Script" uid="uid://byytwdq7gbio6" path="res://scripts/tortuga/hung-connut/escalator_casser.gd" id="48_7h4df"]
[ext_resource type="PackedScene" uid="uid://bun08nin6q33j" path="res://scenes/tortuga/tortuga_manoir.tscn" id="48_n6usc"]
[ext_resource type="Script" uid="uid://b0b3cl6co40n3" path="res://scripts/tortuga/oasis-fog-volume.gd" id="48_rbtjs"]
[ext_resource type="PackedScene" uid="uid://nxpg70ic60fw" path="res://assets/nature/plant/mushroom/mushroom_redGroup.glb" id="48_xiick"]
[ext_resource type="PackedScene" uid="uid://c57w2secfo013" path="res://assets/nature/plant/mushroom/mushroom_tanGroup.glb" id="49_a5rdk"]
[ext_resource type="Script" uid="uid://vrseuhaxautc" path="res://scripts/fix_color.gd" id="49_e43uk"]
[ext_resource type="PackedScene" uid="uid://c7fgeoflk102b" path="res://assets/pirate/structures/platform-planks.glb" id="49_xiick"]
[ext_resource type="PackedScene" uid="uid://fc1bkvtc3h41" path="res://assets/pirate/flat-grass.glb" id="50_e43uk"]
[ext_resource type="PackedScene" uid="uid://ch0ypgect218u" path="res://scenes/tortuga/tortuga_mind-wind.tscn" id="51_67xyg"]
[ext_resource type="PackedScene" uid="uid://croh01oo1hrha" path="res://assets/nature/plant/mushroom/mushroom_redTall.glb" id="51_hum4y"]
[ext_resource type="PackedScene" uid="uid://d1w6xs01xa0ea" path="res://assets/nature/plant/mushroom/mushroom_red.glb" id="52_negcv"]
[ext_resource type="PackedScene" uid="uid://cxnlxp3kh8r84" path="res://assets/nature/plant/mushroom/mushroom_tanTall.glb" id="53_lk3d5"]
[ext_resource type="PackedScene" uid="uid://5jui4ecpui4k" path="res://assets/nature/plant/mushroom/mushroom_tan.glb" id="54_y4tuj"]
[ext_resource type="PackedScene" uid="uid://gnq1dkwtxpbj" path="res://assets/nature/path/path_stoneCircle.glb" id="57_lk3d5"]
[ext_resource type="PackedScene" uid="uid://dp8eyw02kyq0" path="res://assets/pirate/structures/platform-simplified.glb" id="59_8hy2q"]
[ext_resource type="PackedScene" uid="uid://6hh7qg45inn7" path="res://assets/pirate/structures/structure.glb" id="59_ff4fn"]
[ext_resource type="PackedScene" uid="uid://rykj8x0qv7ey" path="res://scenes/tortuga/tortuga_mountain_bridge.tscn" id="60_ff4fn"]
[ext_resource type="PackedScene" uid="uid://cwsymtk3gb7ai" path="res://scenes/tortuga/tortuga_base_relief.tscn" id="61_e43uk"]
[ext_resource type="PackedScene" uid="uid://oevj3lrjcgbl" path="res://scenes/tortuga/tortuga_mountain_bridge-2.tscn" id="61_gl853"]
[ext_resource type="PackedScene" uid="uid://cnkkpy7fmxc72" path="res://assets/graveyard/pillar-square.glb" id="63_fndt1"]
[ext_resource type="PackedScene" uid="uid://djc74tsxiqmx1" path="res://scenes/tortuga/tortuga_mountain_bridge-3.tscn" id="64_puubj"]
[ext_resource type="PackedScene" uid="uid://dt7kul30n8qm5" path="res://scenes/tortuga/tortuga_mountain_bridge-4.tscn" id="65_7nohc"]
[ext_resource type="PackedScene" uid="uid://byjj6kfw5ebe1" path="res://scenes/tortuga/tortuga_mountain_bridge-5.tscn" id="66_boury"]
[ext_resource type="PackedScene" uid="uid://dbncpesyqlrv8" path="res://assets/castle/tree-large-simplified.glb" id="69_lk3d5"]
[ext_resource type="PackedScene" uid="uid://da843m2aqgq7r" path="res://assets/mine/tortuga-chaman-60.glb" id="79_0bag0"]
[ext_resource type="PackedScene" uid="uid://c1sc7qjitvtsi" path="res://assets/pirate/rocks-a.glb" id="80_5x0ot"]
[ext_resource type="PackedScene" uid="uid://chxfr2yagmg24" path="res://assets/pirate/rocks-c.glb" id="81_4ia42"]
[ext_resource type="PackedScene" uid="uid://dxkgapjtrucm5" path="res://assets/pirate/boats/ship-wreck.glb" id="82_5x0ot"]
[ext_resource type="PackedScene" path="res://scenes/tortuga/tortuga_shaman_house.tscn" id="83_4ia42"]

[sub_resource type="BoxShape3D" id="BoxShape3D_c7jrm"]
size = Vector3(0.2, 0.44476318, 0.2)

[sub_resource type="BoxShape3D" id="BoxShape3D_2w2tg"]
size = Vector3(0.31, 0.15, 0.15)

[sub_resource type="CylinderShape3D" id="CylinderShape3D_7h4df"]
radius = 0.70410156

[sub_resource type="BoxShape3D" id="BoxShape3D_7h4df"]
size = Vector3(70, 10, 131)

[sub_resource type="BoxShape3D" id="BoxShape3D_iswrd"]
size = Vector3(2.5, 0.25046387, 2.5)

[sub_resource type="BoxShape3D" id="BoxShape3D_1lej4"]
size = Vector3(0.3, 0.15, 0.15)

[sub_resource type="FastNoiseLite" id="FastNoiseLite_gl853"]
noise_type = 0
seed = 1
frequency = 0.1

[sub_resource type="NoiseTexture3D" id="NoiseTexture3D_gl853"]
noise = SubResource("FastNoiseLite_gl853")
invert = true

[sub_resource type="FogMaterial" id="FogMaterial_gl853"]
density = 0.15
emission = Color(1, 1, 1, 1)
height_falloff = 0.066540495
edge_fade = 0.6062886
density_texture = SubResource("NoiseTexture3D_gl853")

[sub_resource type="BoxShape3D" id="BoxShape3D_a5rdk"]
size = Vector3(6.219531, 1, 2.9956787)

[sub_resource type="BoxShape3D" id="BoxShape3D_e43uk"]
size = Vector3(0.4, 0.4392578, 0.1)

[sub_resource type="BoxShape3D" id="BoxShape3D_xiick"]
size = Vector3(131, 20, 58)

[sub_resource type="BoxShape3D" id="BoxShape3D_aveh0"]
size = Vector3(0.4, 0.5, 0.2)

[sub_resource type="BoxShape3D" id="BoxShape3D_bsjpt"]
size = Vector3(1.2, 1.1, 1.4)

[node name="TortugaNode" type="Node3D"]

[node name="Crique" type="Node3D" parent="."]

[node name="bouteille-note-lisible" type="Node3D" parent="Crique"]
transform = Transform3D(-0.6123724, 0.35355338, 0.7071067, 0.5, 0.8660254, 0, -0.61237246, 0.35355335, -0.70710677, -3.6000023, -0.20000002, 13.199997)
script = ExtResource("1_c7jrm")

[node name="bottle2" parent="Crique/bouteille-note-lisible" instance=ExtResource("1_wohch")]
transform = Transform3D(0.5, 0, 0, 0, 0.5, 0, 0, 0, 0.5, 0, 0, 0)

[node name="Area3D" type="Area3D" parent="Crique/bouteille-note-lisible"]

[node name="CollisionShape3D" type="CollisionShape3D" parent="Crique/bouteille-note-lisible/Area3D"]
transform = Transform3D(1, 0, 0, 0, 1, 0, 0, 0, 1, 0, 0.22238159, 0)
shape = SubResource("BoxShape3D_c7jrm")

[node name="bouteille-note-illisible" type="Node3D" parent="Crique"]
transform = Transform3D(0.8660254, 0.5, 0, -0.5, 0.8660254, 0, 0, 0, 1, 34.2, -0.19999999, 39.899994)
script = ExtResource("1_jit35")

[node name="bottle2" parent="Crique/bouteille-note-illisible" instance=ExtResource("1_wohch")]
transform = Transform3D(0.5, 0, 0, 0, 0.5, 0, 0, 0, 0.5, 0, 0, 0)

[node name="Area3D" type="Area3D" parent="Crique/bouteille-note-illisible"]

[node name="CollisionShape3D" type="CollisionShape3D" parent="Crique/bouteille-note-illisible/Area3D"]
transform = Transform3D(1, 0, 0, 0, 1, 0, 0, 0, 1, 0, 0.22238159, 0)
shape = SubResource("BoxShape3D_c7jrm")

[node name="bouteille-note-illisible2" type="Node3D" parent="Crique"]
transform = Transform3D(0.75, -0.4330127, 0.5, 0.5, 0.8660254, 0, -0.4330127, 0.25, 0.8660254, 34.2, -0.19999999, 0.9000015)
script = ExtResource("1_jit35")

[node name="bottle2" parent="Crique/bouteille-note-illisible2" instance=ExtResource("1_wohch")]
transform = Transform3D(0.5, 0, 0, 0, 0.5, 0, 0, 0, 0.5, 0, 0, 0)

[node name="Area3D" type="Area3D" parent="Crique/bouteille-note-illisible2"]

[node name="CollisionShape3D" type="CollisionShape3D" parent="Crique/bouteille-note-illisible2/Area3D"]
transform = Transform3D(1, 0, 0, 0, 1, 0, 0, 0, 1, 0, 0.22238159, 0)
shape = SubResource("BoxShape3D_c7jrm")

[node name="bouteille-note-illisible3" type="Node3D" parent="Crique"]
transform = Transform3D(0.75, -0.4330127, 0.5, 0.5, 0.8660254, 0, -0.4330127, 0.25, 0.8660254, 21, 1.4901161e-08, -25.900002)
script = ExtResource("1_jit35")

[node name="bottle2" parent="Crique/bouteille-note-illisible3" instance=ExtResource("1_wohch")]
transform = Transform3D(0.5, 0, 0, 0, 0.5, 0, 0, 0, 0.5, 0, 0, 0)

[node name="Area3D" type="Area3D" parent="Crique/bouteille-note-illisible3"]

[node name="CollisionShape3D" type="CollisionShape3D" parent="Crique/bouteille-note-illisible3/Area3D"]
transform = Transform3D(1, 0, 0, 0, 1, 0, 0, 0, 1, 0, 0.22238159, 0)
shape = SubResource("BoxShape3D_c7jrm")

[node name="bouteille-note-illisible4" type="Node3D" parent="Crique"]
transform = Transform3D(-0.6123724, 0.35355338, 0.7071067, 0.5, 0.8660254, 0, -0.61237246, 0.35355335, -0.70710677, -15, -0.20000002, -5.9000015)
script = ExtResource("1_jit35")

[node name="bottle2" parent="Crique/bouteille-note-illisible4" instance=ExtResource("1_wohch")]
transform = Transform3D(0.5, 0, 0, 0, 0.5, 0, 0, 0, 0.5, 0, 0, 0)

[node name="Area3D" type="Area3D" parent="Crique/bouteille-note-illisible4"]

[node name="CollisionShape3D" type="CollisionShape3D" parent="Crique/bouteille-note-illisible4/Area3D"]
transform = Transform3D(1, 0, 0, 0, 1, 0, 0, 0, 1, 0, 0.22238159, 0)
shape = SubResource("BoxShape3D_c7jrm")

[node name="bouteille-note-illisible5" type="Node3D" parent="Crique"]
transform = Transform3D(0.75, -0.43301266, 0.49999994, 0.5, 0.8660254, 0, -0.43301266, 0.25, 0.86602527, -10.5, -0.10000001, 25.800003)
script = ExtResource("1_jit35")

[node name="bottle2" parent="Crique/bouteille-note-illisible5" instance=ExtResource("1_wohch")]
transform = Transform3D(0.5, 0, 0, 0, 0.5, 0, 0, 0, 0.5, 0, 0, 0)

[node name="Area3D" type="Area3D" parent="Crique/bouteille-note-illisible5"]

[node name="CollisionShape3D" type="CollisionShape3D" parent="Crique/bouteille-note-illisible5/Area3D"]
transform = Transform3D(1, 0, 0, 0, 1, 0, 0, 0, 1, 0, 0.22238159, 0)
shape = SubResource("BoxShape3D_c7jrm")

[node name="TortugaArmurerie" parent="Crique" instance=ExtResource("30_5obc8")]
transform = Transform3D(0.96592575, 0, 0.25881904, 0, 1, 0, -0.25881904, 0, 0.96592575, -22, 0.53268063, 29)

[node name="TortugaBrasserie" parent="Crique" instance=ExtResource("29_w1jow")]
transform = Transform3D(0.8191521, 0, -0.57357645, 0, 1, 0, 0.57357645, 0, 0.8191521, -7.1000004, 1.7999998, -44.399998)

[node name="TortugaCapitainerie" parent="Crique" instance=ExtResource("20_eu0va")]
transform = Transform3D(1, 0, 0, 0, 1, 0, 0, 0, 1, -10.465139, -0.9058405, 6.002011)

[node name="TortugaCoffre" parent="Crique" instance=ExtResource("27_veopy")]
transform = Transform3D(0.25881907, 0, -0.9659258, 0, 1, 0, 0.9659258, 0, 0.25881907, 50, 0.5230274, -4)

[node name="TortugaDortoir" parent="Crique" instance=ExtResource("26_ntxr1")]
transform = Transform3D(0.49999997, 0, 0.86602545, 0, 1, 0, -0.86602545, 0, 0.49999997, -36, 1.8, -27)

[node name="TortugaManoir" parent="Crique" instance=ExtResource("48_n6usc")]
transform = Transform3D(0.70710677, 0, -0.70710677, 0, 1, 0, 0.70710677, 0, 0.70710677, 44, 1.5, -31)

[node name="TortugaWall" parent="Crique" instance=ExtResource("19_n6usc")]
transform = Transform3D(2.5526812, 0, 1.5760138, 0, 3.0000005, 0, -1.5760138, 0, 2.5526812, 33.66643, -3.3612933, 61.311058)

[node name="WallCoffre" parent="Crique" instance=ExtResource("28_b2pjt")]
transform = Transform3D(0.34306955, 0, -0.93931, 0, 1, 0, 0.93931, 0, 0.34306955, 60.687218, 0.4999987, -7.9749527)

[node name="Crique-E" type="Node3D" parent="Crique"]
transform = Transform3D(1, 0, 0, 0, 1, 0, 0, 0, 1, 24.906, 0.9, -43)

[node name="pnj-fermier-nino" parent="Crique/Crique-E" instance=ExtResource("44_gnvru")]
transform = Transform3D(0.90630776, 0, -0.42261827, 0, 1, 0, 0.42261827, 0, 0.90630776, 15.3, 0.48, -16.9)
script = ExtResource("45_3lmt7")
model = ExtResource("46_mi0el")
pnj_name = "Nino"
pnj_role = "Jardinier"

[node name="TortugaAuberge" parent="Crique/Crique-E" instance=ExtResource("24_ew2kh")]
transform = Transform3D(1, 0, 0, 0, 1, 0, 0, 0, 1, 2.2570171, 0.5500001, 0.67819595)

[node name="Reserve" parent="Crique/Crique-E" instance=ExtResource("25_2pcv4")]
transform = Transform3D(1, 0, 0, 0, 1, 0, 0, 0, 1, 19.1746, 0.12559128, -5.6029015)
metadata/_edit_group_ = true

[node name="Culture" parent="Crique/Crique-E" instance=ExtResource("43_3anhr")]
transform = Transform3D(0.25881907, 0, -0.9659258, 0, 1, 0, 0.9659258, 0, 0.25881907, 17.999998, 0.5, -17)

[node name="plants" type="Node3D" parent="Crique/Crique-E"]

[node name="palm-detailed-bend2" parent="Crique/Crique-E/plants" instance=ExtResource("5_iswrd")]
transform = Transform3D(2, 0, 0, 0, 2, 0, 0, 0, 2, 17.906507, 0.5329056, -12.777813)

[node name="palm-detailed-bend3" parent="Crique/Crique-E/plants" instance=ExtResource("5_iswrd")]
transform = Transform3D(1.3442167, 0, -1.4809057, 0, 2, 0, 1.4809057, 0, 1.3442167, 1.9442158, 0.5329056, -23.144012)

[node name="palm-detailed-bend4" parent="Crique/Crique-E/plants" instance=ExtResource("5_iswrd")]
transform = Transform3D(1.3442167, 0, -1.4809057, 0, 2, 0, 1.4809057, 0, 1.3442167, 26.367895, 0.5329056, -28.300674)

[node name="palm-detailed-bend5" parent="Crique/Crique-E/plants" instance=ExtResource("5_iswrd")]
transform = Transform3D(-1.1860228, 0, 1.6103882, 0, 2, 0, -1.6103882, 0, -1.1860228, 24.648611, 0.5329056, 6.6941795)

[node name="palm-detailed-bend6" parent="Crique/Crique-E/plants" instance=ExtResource("5_iswrd")]
transform = Transform3D(1.4294053, 0, 2.6375747, 0, 3, 0, -2.6375747, 0, 1.4294053, 9.886915, 0.5329056, 14.812832)

[node name="palm-detailed-bend7" parent="Crique/Crique-E/plants" instance=ExtResource("5_iswrd")]
transform = Transform3D(0.95293695, 0, 1.7583832, 0, 2, 0, -1.7583832, 0, 0.95293695, -7.4729786, 0.5329056, -5.249958)

[node name="palm-detailed-bend8" parent="Crique/Crique-E/plants" instance=ExtResource("5_iswrd")]
transform = Transform3D(1.9949017, 0, -0.14271647, 0, 2, 0, 0.14271647, 0, 1.9949017, 6.6109333, 0.5329056, -14.000969)

[node name="palm-bend2" parent="Crique/Crique-E/plants" instance=ExtResource("4_c7jrm")]
transform = Transform3D(2, 0, 0, 0, 2, 0, 0, 0, 2, 12.465181, 0.53292084, 4.6055603)

[node name="palm-bend3" parent="Crique/Crique-E/plants" instance=ExtResource("4_c7jrm")]
transform = Transform3D(2.016325, 0, -2.2213585, 0, 3, 0, 2.2213585, 0, 2.016325, -5.475786, 0.53292084, -12.150181)

[node name="palm-bend4" parent="Crique/Crique-E/plants" instance=ExtResource("4_c7jrm")]
transform = Transform3D(-1.3318416, 0, -1.4920449, 0, 2, 0, 1.4920449, 0, -1.3318416, 15.224058, 0.53292084, -23.356735)

[node name="palm-bend5" parent="Crique/Crique-E/plants" instance=ExtResource("4_c7jrm")]
transform = Transform3D(-2.8979535, 0, -0.77579975, 0, 3, 0, 0.77579975, 0, -2.8979535, 38.203842, 0.53292084, -15.451866)

[node name="palm-bend6" parent="Crique/Crique-E/plants" instance=ExtResource("4_c7jrm")]
transform = Transform3D(-1.931969, 0, -0.51719964, 0, 2, 0, 0.51719964, 0, -1.931969, 21.270391, 0.53292084, 19.522057)

[node name="palm-bend7" parent="Crique/Crique-E/plants" instance=ExtResource("4_c7jrm")]
transform = Transform3D(1.1394773, 0, -1.6436522, 0, 2, 0, 1.6436522, 0, 1.1394773, 29.241049, 0.53292084, -5.77227)

[node name="palm-bend8" parent="Crique/Crique-E/plants" instance=ExtResource("4_c7jrm")]
transform = Transform3D(0.09170222, 0, -1.9978969, 0, 2, 0, 1.9978969, 0, 0.09170222, 36.13594, 0.53292084, -26.366562)

[node name="grass73" parent="Crique/Crique-E/plants" instance=ExtResource("2_wohch")]
transform = Transform3D(-0.9909179, 0, 0.1344699, 0, 1, 0, -0.1344699, 0, -0.9909179, 17.860067, 0.5329056, -30.544044)

[node name="grass-plant25" parent="Crique/Crique-E/plants" instance=ExtResource("6_j21kd")]
transform = Transform3D(-0.9909179, 0, 0.1344699, 0, 1, 0, -0.1344699, 0, -0.9909179, 17.099081, 0.5329037, -28.55288)

[node name="grass74" parent="Crique/Crique-E/plants" instance=ExtResource("2_wohch")]
transform = Transform3D(-0.64471054, 0, -0.7644271, 0, 1, 0, 0.7644271, 0, -0.64471054, 7.9535313, 0.5329056, -21.726563)

[node name="grass75" parent="Crique/Crique-E/plants" instance=ExtResource("2_wohch")]
transform = Transform3D(-0.64471054, 0, -0.7644271, 0, 1, 0, 0.7644271, 0, -0.64471054, 11.560175, 0.5329056, -20.998672)

[node name="grass76" parent="Crique/Crique-E/plants" instance=ExtResource("2_wohch")]
transform = Transform3D(-0.64471054, 0, -0.7644271, 0, 1, 0, 0.7644271, 0, -0.64471054, 7.4653378, 0.5329056, -25.121689)

[node name="grass-plant26" parent="Crique/Crique-E/plants" instance=ExtResource("6_j21kd")]
transform = Transform3D(-0.64471054, 0, -0.7644271, 0, 1, 0, 0.7644271, 0, -0.64471054, 8.738298, 0.5329037, -23.411896)

[node name="grass77" parent="Crique/Crique-E/plants" instance=ExtResource("2_wohch")]
transform = Transform3D(-0.64471054, 0, -0.7644271, 0, 1, 0, 0.7644271, 0, -0.64471054, 28.599516, 0.5329056, -27.268463)

[node name="grass78" parent="Crique/Crique-E/plants" instance=ExtResource("2_wohch")]
transform = Transform3D(-0.64471054, 0, -0.7644271, 0, 1, 0, 0.7644271, 0, -0.64471054, 32.20616, 0.5329056, -26.540573)

[node name="grass79" parent="Crique/Crique-E/plants" instance=ExtResource("2_wohch")]
transform = Transform3D(-0.64471054, 0, -0.7644271, 0, 1, 0, 0.7644271, 0, -0.64471054, 28.111322, 0.5329056, -30.66359)

[node name="grass-plant27" parent="Crique/Crique-E/plants" instance=ExtResource("6_j21kd")]
transform = Transform3D(-0.64471054, 0, -0.7644271, 0, 1, 0, 0.7644271, 0, -0.64471054, 29.384283, 0.5329037, -28.953796)

[node name="grass80" parent="Crique/Crique-E/plants" instance=ExtResource("2_wohch")]
transform = Transform3D(-0.64471054, 0, -0.7644271, 0, 1, 0, 0.7644271, 0, -0.64471054, 23.68258, 0.5329056, -11.757713)

[node name="grass81" parent="Crique/Crique-E/plants" instance=ExtResource("2_wohch")]
transform = Transform3D(-0.64471054, 0, -0.7644271, 0, 1, 0, 0.7644271, 0, -0.64471054, 23.989225, 0.5329056, -15.129822)

[node name="grass82" parent="Crique/Crique-E/plants" instance=ExtResource("2_wohch")]
transform = Transform3D(-0.64471054, 0, -0.7644271, 0, 1, 0, 0.7644271, 0, -0.64471054, 18.894388, 0.5329056, -23.252838)

[node name="grass-plant28" parent="Crique/Crique-E/plants" instance=ExtResource("6_j21kd")]
transform = Transform3D(-0.64471054, 0, -0.7644271, 0, 1, 0, 0.7644271, 0, -0.64471054, 25.167349, 0.5329037, -18.543045)

[node name="grass83" parent="Crique/Crique-E/plants" instance=ExtResource("2_wohch")]
transform = Transform3D(-0.64471054, 0, -0.7644271, 0, 1, 0, 0.7644271, 0, -0.64471054, 31.064905, 0.5329056, -14.800777)

[node name="grass84" parent="Crique/Crique-E/plants" instance=ExtResource("2_wohch")]
transform = Transform3D(-0.64471054, 0, -0.7644271, 0, 1, 0, 0.7644271, 0, -0.64471054, 34.671547, 0.5329056, -14.072887)

[node name="grass85" parent="Crique/Crique-E/plants" instance=ExtResource("2_wohch")]
transform = Transform3D(-0.64471054, 0, -0.7644271, 0, 1, 0, 0.7644271, 0, -0.64471054, 30.576712, 0.5329056, -18.195904)

[node name="grass-plant29" parent="Crique/Crique-E/plants" instance=ExtResource("6_j21kd")]
transform = Transform3D(-0.64471054, 0, -0.7644271, 0, 1, 0, 0.7644271, 0, -0.64471054, 31.849672, 0.5329037, -16.48611)

[node name="grass86" parent="Crique/Crique-E/plants" instance=ExtResource("2_wohch")]
transform = Transform3D(-0.64471054, 0, -0.7644271, 0, 1, 0, 0.7644271, 0, -0.64471054, 23.134737, 0.5329056, -22.679993)

[node name="grass87" parent="Crique/Crique-E/plants" instance=ExtResource("2_wohch")]
transform = Transform3D(-0.64471054, 0, -0.7644271, 0, 1, 0, 0.7644271, 0, -0.64471054, 26.741377, 0.5329056, -21.952103)

[node name="grass88" parent="Crique/Crique-E/plants" instance=ExtResource("2_wohch")]
transform = Transform3D(-0.64471054, 0, -0.7644271, 0, 1, 0, 0.7644271, 0, -0.64471054, 22.646544, 0.5329056, -26.075119)

[node name="grass-plant30" parent="Crique/Crique-E/plants" instance=ExtResource("6_j21kd")]
transform = Transform3D(-0.64471054, 0, -0.7644271, 0, 1, 0, 0.7644271, 0, -0.64471054, 23.919504, 0.5329037, -24.365326)

[node name="grass-plant40" parent="Crique/Crique-E/plants" instance=ExtResource("6_j21kd")]
transform = Transform3D(-0.64471054, 0, -0.7644271, 0, 1, 0, 0.7644271, 0, -0.64471054, 21.519503, 0.5329037, -30.365326)

[node name="grass89" parent="Crique/Crique-E/plants" instance=ExtResource("2_wohch")]
transform = Transform3D(0.97237444, 0, -0.23342782, 0, 1, 0, 0.23342782, 0, 0.97237444, 37.394768, 0.5329056, -20.095924)

[node name="grass90" parent="Crique/Crique-E/plants" instance=ExtResource("2_wohch")]
transform = Transform3D(0.97237444, 0, -0.23342782, 0, 1, 0, 0.23342782, 0, 0.97237444, 36.427917, 0.5329056, -23.64598)

[node name="grass91" parent="Crique/Crique-E/plants" instance=ExtResource("2_wohch")]
transform = Transform3D(0.97237444, 0, -0.23342782, 0, 1, 0, 0.23342782, 0, 0.97237444, 34.579132, 0.5329056, -18.136997)

[node name="grass-plant31" parent="Crique/Crique-E/plants" instance=ExtResource("6_j21kd")]
transform = Transform3D(0.97237444, 0, -0.23342782, 0, 1, 0, 0.23342782, 0, 0.97237444, 35.536476, 0.5329037, -20.041546)

[node name="grass92" parent="Crique/Crique-E/plants" instance=ExtResource("2_wohch")]
transform = Transform3D(0.97237444, 0, -0.23342782, 0, 1, 0, 0.23342782, 0, 0.97237444, 28.483274, 0.5329056, -13.157467)

[node name="grass93" parent="Crique/Crique-E/plants" instance=ExtResource("2_wohch")]
transform = Transform3D(0.97237444, 0, -0.23342782, 0, 1, 0, 0.23342782, 0, 0.97237444, 27.516424, 0.5329056, -16.707523)

[node name="grass94" parent="Crique/Crique-E/plants" instance=ExtResource("2_wohch")]
transform = Transform3D(0.97237444, 0, -0.23342782, 0, 1, 0, 0.23342782, 0, 0.97237444, 25.667639, 0.5329056, -11.19854)

[node name="grass-plant32" parent="Crique/Crique-E/plants" instance=ExtResource("6_j21kd")]
transform = Transform3D(0.97237444, 0, -0.23342782, 0, 1, 0, 0.23342782, 0, 0.97237444, 26.624983, 0.5329037, -13.103088)

[node name="grass95" parent="Crique/Crique-E/plants" instance=ExtResource("2_wohch")]
transform = Transform3D(0.97237444, 0, -0.23342782, 0, 1, 0, 0.23342782, 0, 0.97237444, 22.806726, 0.5329056, -13.49527)

[node name="grass96" parent="Crique/Crique-E/plants" instance=ExtResource("2_wohch")]
transform = Transform3D(0.97237444, 0, -0.23342782, 0, 1, 0, 0.23342782, 0, 0.97237444, 16.039877, 0.5329056, -21.545326)

[node name="grass97" parent="Crique/Crique-E/plants" instance=ExtResource("2_wohch")]
transform = Transform3D(0.97237444, 0, -0.23342782, 0, 1, 0, 0.23342782, 0, 0.97237444, 14.191092, 0.5329056, -16.036343)

[node name="grass-plant33" parent="Crique/Crique-E/plants" instance=ExtResource("6_j21kd")]
transform = Transform3D(0.97237444, 0, -0.23342782, 0, 1, 0, 0.23342782, 0, 0.97237444, 14.548437, 0.5329037, -19.840893)

[node name="grass98" parent="Crique/Crique-E/plants" instance=ExtResource("2_wohch")]
transform = Transform3D(0.97237444, 0, -0.23342782, 0, 1, 0, 0.23342782, 0, 0.97237444, 22.346785, 0.5329056, -9.414352)

[node name="grass99" parent="Crique/Crique-E/plants" instance=ExtResource("2_wohch")]
transform = Transform3D(0.97237444, 0, -0.23342782, 0, 1, 0, 0.23342782, 0, 0.97237444, 21.379934, 0.5329056, -12.964409)

[node name="grass100" parent="Crique/Crique-E/plants" instance=ExtResource("2_wohch")]
transform = Transform3D(0.97237444, 0, -0.23342782, 0, 1, 0, 0.23342782, 0, 0.97237444, 19.531149, 0.5329056, -7.4554253)

[node name="grass-plant34" parent="Crique/Crique-E/plants" instance=ExtResource("6_j21kd")]
transform = Transform3D(0.97237444, 0, -0.23342782, 0, 1, 0, 0.23342782, 0, 0.97237444, 21.188494, 0.5329037, -10.759975)

[node name="grass101" parent="Crique/Crique-E/plants" instance=ExtResource("2_wohch")]
transform = Transform3D(0.97237444, 0, -0.23342782, 0, 1, 0, 0.23342782, 0, 0.97237444, 39.75183, 0.5329056, -10.765347)

[node name="grass102" parent="Crique/Crique-E/plants" instance=ExtResource("2_wohch")]
transform = Transform3D(0.97237444, 0, -0.23342782, 0, 1, 0, 0.23342782, 0, 0.97237444, 38.78498, 0.5329056, -14.315403)

[node name="grass103" parent="Crique/Crique-E/plants" instance=ExtResource("2_wohch")]
transform = Transform3D(0.97237444, 0, -0.23342782, 0, 1, 0, 0.23342782, 0, 0.97237444, 36.936195, 0.5329056, -8.806419)

[node name="grass-plant35" parent="Crique/Crique-E/plants" instance=ExtResource("6_j21kd")]
transform = Transform3D(0.97237444, 0, -0.23342782, 0, 1, 0, 0.23342782, 0, 0.97237444, 37.89354, 0.5329037, -10.710968)

[node name="grass104" parent="Crique/Crique-E/plants" instance=ExtResource("2_wohch")]
transform = Transform3D(0.8571043, 0, 0.5151435, 0, 1, 0, -0.5151435, 0, 0.8571043, 43.10251, 0.5329056, -16.654545)

[node name="grass105" parent="Crique/Crique-E/plants" instance=ExtResource("2_wohch")]
transform = Transform3D(0.8571043, 0, 0.5151435, 0, 1, 0, -0.5151435, 0, 0.8571043, 39.924446, 0.5329056, -18.508617)

[node name="grass106" parent="Crique/Crique-E/plants" instance=ExtResource("2_wohch")]
transform = Transform3D(0.8571043, 0, 0.5151435, 0, 1, 0, -0.5151435, 0, 0.8571043, 42.467644, 0.5329056, -13.283768)

[node name="grass-plant36" parent="Crique/Crique-E/plants" instance=ExtResource("6_j21kd")]
transform = Transform3D(0.8571043, 0, 0.5151435, 0, 1, 0, -0.5151435, 0, 0.8571043, 41.81534, 0.5329037, -15.313129)

[node name="grass107" parent="Crique/Crique-E/plants" instance=ExtResource("2_wohch")]
transform = Transform3D(0.8571043, 0, 0.5151435, 0, 1, 0, -0.5151435, 0, 0.8571043, 31.949957, 0.5329056, -23.646393)

[node name="grass108" parent="Crique/Crique-E/plants" instance=ExtResource("2_wohch")]
transform = Transform3D(0.8571043, 0, 0.5151435, 0, 1, 0, -0.5151435, 0, 0.8571043, 28.771894, 0.5329056, -25.500458)

[node name="grass109" parent="Crique/Crique-E/plants" instance=ExtResource("2_wohch")]
transform = Transform3D(0.8571043, 0, 0.5151435, 0, 1, 0, -0.5151435, 0, 0.8571043, 31.315092, 0.5329056, -20.275612)

[node name="grass-plant37" parent="Crique/Crique-E/plants" instance=ExtResource("6_j21kd")]
transform = Transform3D(0.8571043, 0, 0.5151435, 0, 1, 0, -0.5151435, 0, 0.8571043, 30.662786, 0.5329037, -22.304977)

[node name="grass-plant39" parent="Crique/Crique-E/plants" instance=ExtResource("6_j21kd")]
transform = Transform3D(0.8571043, 0, 0.5151435, 0, 1, 0, -0.5151435, 0, 0.8571043, 38.868904, 0.5329037, -25.957726)

[node name="grass110" parent="Crique/Crique-E/plants" instance=ExtResource("2_wohch")]
transform = Transform3D(-0.18378052, 0, 0.9829677, 0, 1, 0, -0.9829677, 0, -0.18378052, 32.079384, 0.5329056, -12.418457)

[node name="grass111" parent="Crique/Crique-E/plants" instance=ExtResource("2_wohch")]
transform = Transform3D(-0.18378052, 0, 0.9829677, 0, 1, 0, -0.9829677, 0, -0.18378052, 29.23313, 0.5329056, -10.086834)

[node name="grass112" parent="Crique/Crique-E/plants" instance=ExtResource("2_wohch")]
transform = Transform3D(-0.18378052, 0, 0.9829677, 0, 1, 0, -0.9829677, 0, -0.18378052, 35.016937, 0.5329056, -10.647575)

[node name="grass-plant38" parent="Crique/Crique-E/plants" instance=ExtResource("6_j21kd")]
transform = Transform3D(-0.18378052, 0, 0.9829677, 0, 1, 0, -0.9829677, 0, -0.18378052, 32.887505, 0.5329037, -10.744194)

[node name="grass2" parent="Crique/Crique-E/plants" instance=ExtResource("2_wohch")]
transform = Transform3D(1, 0, 0, 0, 1, 0, 0, 0, 1, -4.713915, 0.5329094, -2.2308311)

[node name="grass3" parent="Crique/Crique-E/plants" instance=ExtResource("2_wohch")]
transform = Transform3D(1, 0, 0, 0, 1, 0, 0, 0, 1, -6.48275, 0.5329094, -5.4571037)

[node name="grass4" parent="Crique/Crique-E/plants" instance=ExtResource("2_wohch")]
transform = Transform3D(1, 0, 0, 0, 1, 0, 0, 0, 1, -6.994505, 0.5329094, 0.3312378)

[node name="grass-plant2" parent="Crique/Crique-E/plants" instance=ExtResource("6_j21kd")]
transform = Transform3D(1, 0, 0, 0, 1, 0, 0, 0, 1, -6.508175, 0.5329075, -1.7441711)

[node name="grass5" parent="Crique/Crique-E/plants" instance=ExtResource("2_wohch")]
transform = Transform3D(0.18055348, 0, 0.98356515, 0, 1, 0, -0.98356515, 0, 0.18055348, -5.286648, 0.5329094, -11.824413)

[node name="grass6" parent="Crique/Crique-E/plants" instance=ExtResource("2_wohch")]
transform = Transform3D(0.18055348, 0, 0.98356515, 0, 1, 0, -0.98356515, 0, 0.18055348, -8.779266, 0.5329094, -10.667164)

[node name="grass7" parent="Crique/Crique-E/plants" instance=ExtResource("2_wohch")]
transform = Transform3D(0.18055348, 0, 0.98356515, 0, 1, 0, -0.98356515, 0, 0.18055348, -3.1784534, 0.5329094, -9.118713)

[node name="grass-plant3" parent="Crique/Crique-E/plants" instance=ExtResource("6_j21kd")]
transform = Transform3D(0.18055348, 0, 0.98356515, 0, 1, 0, -0.98356515, 0, 0.18055348, -5.1319447, 0.5329075, -9.971775)

[node name="grass8" parent="Crique/Crique-E/plants" instance=ExtResource("2_wohch")]
transform = Transform3D(0.53421956, 0, 0.84534574, 0, 1, 0, -0.84534574, 0, 0.53421956, 6.883688, 0.5329056, -11.346611)

[node name="grass9" parent="Crique/Crique-E/plants" instance=ExtResource("2_wohch")]
transform = Transform3D(0.53421956, 0, 0.84534574, 0, 1, 0, -0.84534574, 0, 0.53421956, 3.2114239, 0.5329056, -11.574875)

[node name="grass10" parent="Crique/Crique-E/plants" instance=ExtResource("2_wohch")]
transform = Transform3D(0.53421956, 0, 0.84534574, 0, 1, 0, -0.84534574, 0, 0.53421956, 7.8311863, 0.5329056, -8.050018)

[node name="grass-plant4" parent="Crique/Crique-E/plants" instance=ExtResource("6_j21kd")]
transform = Transform3D(0.53421956, 0, 0.84534574, 0, 1, 0, -0.84534574, 0, 0.53421956, 6.3365536, 0.5329037, -9.569862)

[node name="grass11" parent="Crique/Crique-E/plants" instance=ExtResource("2_wohch")]
transform = Transform3D(-0.99705285, 0, 0.076718956, 0, 1, 0, -0.076718956, 0, -0.99705285, 10.11693, 0.5329056, -4.1462936)

[node name="grass12" parent="Crique/Crique-E/plants" instance=ExtResource("2_wohch")]
transform = Transform3D(-0.99705285, 0, 0.076718956, 0, 1, 0, -0.076718956, 0, -0.99705285, 11.633036, 0.5329056, -0.79382324)

[node name="grass13" parent="Crique/Crique-E/plants" instance=ExtResource("2_wohch")]
transform = Transform3D(-0.99705285, 0, 0.076718956, 0, 1, 0, -0.076718956, 0, -0.99705285, 12.587358, 0.5329056, -6.5258446)

[node name="grass-plant5" parent="Crique/Crique-E/plants" instance=ExtResource("6_j21kd")]
transform = Transform3D(-0.99705285, 0, 0.076718956, 0, 1, 0, -0.076718956, 0, -0.99705285, 11.943235, 0.5329037, -4.493862)

[node name="grass14" parent="Crique/Crique-E/plants" instance=ExtResource("2_wohch")]
transform = Transform3D(0.9101639, 0, -0.41424835, 0, 1, 0, 0.41424835, 0, 0.9101639, 11.839689, 0.5329056, 7.7084465)

[node name="grass15" parent="Crique/Crique-E/plants" instance=ExtResource("2_wohch")]
transform = Transform3D(0.9101639, 0, -0.41424835, 0, 1, 0, 0.41424835, 0, 0.9101639, 11.5662365, 0.5329056, 4.0392685)

[node name="grass16" parent="Crique/Crique-E/plants" instance=ExtResource("2_wohch")]
transform = Transform3D(0.9101639, 0, -0.41424835, 0, 1, 0, 0.41424835, 0, 0.9101639, 8.702642, 0.5329056, 9.095615)

[node name="grass-plant6" parent="Crique/Crique-E/plants" instance=ExtResource("6_j21kd")]
transform = Transform3D(0.9101639, 0, -0.41424835, 0, 1, 0, 0.41424835, 0, 0.9101639, 10.005022, 0.5329037, 7.4081154)

[node name="grass17" parent="Crique/Crique-E/plants" instance=ExtResource("2_wohch")]
transform = Transform3D(-0.45902163, 0, -0.8884251, 0, 1, 0, 0.8884251, 0, -0.45902163, 10.269846, 0.5329056, 14.241348)

[node name="grass18" parent="Crique/Crique-E/plants" instance=ExtResource("2_wohch")]
transform = Transform3D(-0.45902163, 0, -0.8884251, 0, 1, 0, 0.8884251, 0, -0.45902163, 13.94808, 0.5329056, 14.150799)

[node name="grass19" parent="Crique/Crique-E/plants" instance=ExtResource("2_wohch")]
transform = Transform3D(-0.45902163, 0, -0.8884251, 0, 1, 0, 0.8884251, 0, -0.45902163, 9.04048, 0.5329056, 11.039167)

[node name="grass-plant7" parent="Crique/Crique-E/plants" instance=ExtResource("6_j21kd")]
transform = Transform3D(-0.45902163, 0, -0.8884251, 0, 1, 0, 0.8884251, 0, -0.45902163, 10.661089, 0.5329037, 12.423897)

[node name="grass20" parent="Crique/Crique-E/plants" instance=ExtResource("2_wohch")]
transform = Transform3D(0.80991894, 0, -0.5865419, 0, 1, 0, 0.5865419, 0, 0.80991894, 17.9252, 0.5329056, 21.686138)

[node name="grass21" parent="Crique/Crique-E/plants" instance=ExtResource("2_wohch")]
transform = Transform3D(0.80991894, 0, -0.5865419, 0, 1, 0, 0.5865419, 0, 0.80991894, 18.384928, 0.5329056, 18.035625)

[node name="grass22" parent="Crique/Crique-E/plants" instance=ExtResource("2_wohch")]
transform = Transform3D(0.80991894, 0, -0.5865419, 0, 1, 0, 0.5865419, 0, 0.80991894, 14.575342, 0.5329056, 22.423546)

[node name="grass-plant8" parent="Crique/Crique-E/plants" instance=ExtResource("6_j21kd")]
transform = Transform3D(0.80991894, 0, -0.5865419, 0, 1, 0, 0.5865419, 0, 0.80991894, 16.186548, 0.5329037, 21.027885)

[node name="grass23" parent="Crique/Crique-E/plants" instance=ExtResource("2_wohch")]
transform = Transform3D(-0.9289259, 0, -0.37026587, 0, 1, 0, 0.37026587, 0, -0.9289259, 23.131086, 0.5329056, 16.690678)

[node name="grass24" parent="Crique/Crique-E/plants" instance=ExtResource("2_wohch")]
transform = Transform3D(-0.9289259, 0, -0.37026587, 0, 1, 0, 0.37026587, 0, -0.9289259, 24.468782, 0.5329056, 14.532703)

[node name="grass25" parent="Crique/Crique-E/plants" instance=ExtResource("2_wohch")]
transform = Transform3D(-0.9289259, 0, -0.37026587, 0, 1, 0, 0.37026587, 0, -0.9289259, 21.900938, 0.5329056, 8.466278)

[node name="grass-plant9" parent="Crique/Crique-E/plants" instance=ExtResource("6_j21kd")]
transform = Transform3D(-0.9289259, 0, -0.37026587, 0, 1, 0, 0.37026587, 0, -0.9289259, 24.917627, 0.5329037, 9.774254)

[node name="grass26" parent="Crique/Crique-E/plants" instance=ExtResource("2_wohch")]
