[gd_scene load_steps=24 format=3 uid="uid://bklj07teww5qu"]

[ext_resource type="PackedScene" uid="uid://d1gmtkr315dft" path="res://assets/mine/twin-island-80.glb" id="2_fueny"]
[ext_resource type="PackedScene" uid="uid://cmvqtrxe3klxe" path="res://scenes/water/WaterPlane.tscn" id="2_i67y0"]
[ext_resource type="PackedScene" uid="uid://bgylmmjol4kbg" path="res://scenes/twin-island/twin_bridge.tscn" id="3_i67y0"]
[ext_resource type="PackedScene" uid="uid://chxfr2yagmg24" path="res://assets/pirate/rocks-c.glb" id="4_2tvrj"]
[ext_resource type="PackedScene" uid="uid://c1sc7qjitvtsi" path="res://assets/pirate/rocks-a.glb" id="5_fjqxh"]
[ext_resource type="PackedScene" uid="uid://cbasjmgb4ls33" path="res://assets/pirate/rocks-b.glb" id="6_4e1nb"]
[ext_resource type="PackedScene" uid="uid://n05ena6gswui" path="res://assets/pirate/patch-grass.glb" id="7_wbovk"]
[ext_resource type="PackedScene" uid="uid://cd4y7jmjyi3iv" path="res://assets/pirate/flat-grass.glb" id="8_6m50f"]
[ext_resource type="PackedScene" uid="uid://cg8cslgj6gv4u" path="res://scenes/twin-island/twin_small_round_wood_house.tscn" id="9_pe2l3"]
[ext_resource type="PackedScene" uid="uid://yvfuotovgmwf" path="res://assets/castle/tree-large-simplified.glb" id="10_fm226"]
[ext_resource type="PackedScene" uid="uid://wn3wekt75te8" path="res://scenes/twin-island/twin_auberge.tscn" id="10_vymvp"]
[ext_resource type="PackedScene" uid="uid://bb68d3ryhkrjf" path="res://scenes/twin-island/twin_house_red.tscn" id="11_dfefn"]
[ext_resource type="PackedScene" uid="uid://dredq2oktkwv5" path="res://assets/castle/tree-trunk.glb" id="11_xkxc6"]
[ext_resource type="PackedScene" uid="uid://b5dadoewilgww" path="res://assets/castle/tree-log.glb" id="12_bb6it"]
[ext_resource type="PackedScene" uid="uid://m5x8alnnip8v" path="res://assets/pirate/plant/grass-patch.glb" id="13_l4tt5"]
[ext_resource type="PackedScene" uid="uid://daqr6vbted8ij" path="res://assets/pirate/plant/palm-bend.glb" id="14_bb6it"]
[ext_resource type="PackedScene" uid="uid://bagjq72im08wg" path="res://assets/pirate/plant/grass-plant.glb" id="14_ja4ei"]
[ext_resource type="PackedScene" uid="uid://dn1b4sjm530aw" path="res://assets/pirate/plant/grass.glb" id="15_0e3yf"]
[ext_resource type="PackedScene" uid="uid://c7jolf7uv12dr" path="res://assets/pirate/plant/palm-detailed-bend.glb" id="15_l4tt5"]
[ext_resource type="PackedScene" uid="uid://c2yiyl0xgkqrv" path="res://assets/pirate/boats/ship-wreck.glb" id="20_l4tt5"]
[ext_resource type="PackedScene" uid="uid://o5kn2mqp4v6q" path="res://assets/pirate/structures/platform-planks.glb" id="21_0e3yf"]
[ext_resource type="PackedScene" uid="uid://bp3xi5gi2bfo8" path="res://assets/pirate/patch-sand.glb" id="21_ja4ei"]
[ext_resource type="PackedScene" uid="uid://qxmpaut8p11d" path="res://scenes/twin-island/twin_port.tscn" id="23_x3u0v"]

[node name="Twin-Island" type="Node3D"]

[node name="twin-auberge" parent="." instance=ExtResource("10_vymvp")]
transform = Transform3D(0.99959624, 0, 0.028410126, 0, 1, 0, -0.028410126, 0, 0.99959624, 4.9, 1.52, 21.9)

[node name="twin-house-red" parent="." instance=ExtResource("11_dfefn")]
transform = Transform3D(0.8660254, 0, -0.5, 0, 1, 0, 0.5, 0, 0.8660254, 30.7, 1.52, 20)

[node name="twin-small-round-wood-house" parent="." instance=ExtResource("9_pe2l3")]
transform = Transform3D(1, 0, 0, 0, 1, 0, 0, 0, 1, 31.5, 1.52, -0.099999905)

[node name="WaterPlane" parent="." instance=ExtResource("2_i67y0")]
transform = Transform3D(500, 0, 0, 0, 1, 0, 0, 0, 500, 0, 0, 0)
skeleton = NodePath("../..")

[node name="TwinBridge" parent="." instance=ExtResource("3_i67y0")]
transform = Transform3D(0.3355667, 0, -0.9420165, 0, 1, 0, 0.9420165, 0, 0.3355667, -79.527374, -1.1483608, -17.894665)

[node name="twin-island-80" parent="." instance=ExtResource("2_fueny")]

[node name="Mountain-N" type="Node3D" parent="."]

[node name="rocks-c2" parent="Mountain-N" instance=ExtResource("4_2tvrj")]
transform = Transform3D(15, 0, 0, 0, 15, 0, 0, 0, 15, -81.4, 0.4, -120.2)

[node name="Mountain-S" type="Node3D" parent="."]

[node name="rocks-a2" parent="Mountain-S" instance=ExtResource("5_fjqxh")]
transform = Transform3D(-12.950531, 0, 1.1330264, 0, 13, 0, -1.1330264, 0, -12.950531, -0.8000002, 0.4, -8.4)

[node name="rocks-b2" parent="Mountain-S" instance=ExtResource("6_4e1nb")]
transform = Transform3D(-0.87155867, 0, -9.9619465, 0, 10, 0, 9.9619465, 0, -0.87155867, 55.399998, 0.4, 13.000001)

[node name="Montain-1" type="Node3D" parent="Mountain-S"]
transform = Transform3D(1, 0, 0, 0, 1, 0, 0, 0, 1, 9.8, 0, -15.2)

[node name="Pic-1" type="Node3D" parent="Mountain-S/Montain-1"]
transform = Transform3D(1, 0, 0, 0, 1, 0, 0, 0, 1, 0, 38.07, 0)

[node name="patch-grass2" parent="Mountain-S/Montain-1/Pic-1" instance=ExtResource("7_wbovk")]
transform = Transform3D(-2.4620192, 0, -0.4341207, 0, 2.5, 0, 0.4341207, 0, -2.4620192, -0.6999998, 0, 3.6000004)

[node name="patch-grass3" parent="Mountain-S/Montain-1/Pic-1" instance=ExtResource("7_wbovk")]
transform = Transform3D(-1.25, 0, -2.1650634, 0, 2.5, 0, 2.1650634, 0, -1.25, -4.2, 0, -1.999999)

[node name="patch-grass4" parent="Mountain-S/Montain-1/Pic-1" instance=ExtResource("7_wbovk")]
transform = Transform3D(1.2499999, 0, 2.1650631, 0, 2.4999998, 0, -2.1650631, 0, 1.2499999, 5.1000004, 0, 0.100001335)

[node name="patch-grass5" parent="Mountain-S/Montain-1/Pic-1" instance=ExtResource("7_wbovk")]
transform = Transform3D(2.4904864, 0, 0.21788931, 0, 2.4999998, 0, -0.21788931, 0, 2.4904864, 1.5, 0, -5.7999983)

[node name="Centre" type="Node3D" parent="."]

[node name="Patches" type="Node3D" parent="Centre"]

[node name="patch-grass2" parent="Centre/Patches" instance=ExtResource("7_wbovk")]
transform = Transform3D(-1.2940953, 0, -4.8296275, 0, 3.999999, 0, 4.8296275, 0, -1.2940953, -16.3, 0.5, 55.900005)

[node name="patch-grass11" parent="Centre/Patches" instance=ExtResource("7_wbovk")]
transform = Transform3D(-2.4999986, 0, 4.330126, 0, 3.999999, 0, -4.330126, 0, -2.4999986, -17.9, 0.5, 38.300007)

[node name="patch-grass12" parent="Centre/Patches" instance=ExtResource("7_wbovk")]
transform = Transform3D(1.2940935, 0, -4.829628, 0, 3.999999, 0, 4.829628, 0, 1.2940935, -26.9, 0.5, 23.300007)

[node name="patch-grass13" parent="Centre/Patches" instance=ExtResource("7_wbovk")]
transform = Transform3D(2.5000005, 0, 4.330125, 0, 3.999999, 0, -4.330125, 0, 2.5000005, -21.6, 0.5, 8.800007)

[node name="patch-grass7" parent="Centre/Patches" instance=ExtResource("7_wbovk")]
transform = Transform3D(4.531538, 0, 2.1130896, 0, 3.999999, 0, -2.1130896, 0, 4.531538, -6.3999996, 0.5, 54.300007)

[node name="patch-grass8" parent="Centre/Patches" instance=ExtResource("7_wbovk")]
transform = Transform3D(-2.2807539, 0, -4.4495106, 0, 3.9999986, 0, 4.4495106, 0, -2.2807539, 6.290861, 0.5, 41.670044)

[node name="patch-grass9" parent="Centre/Patches" instance=ExtResource("7_wbovk")]
transform = Transform3D(4.993767, 0, 0.24956477, 0, 3.9999986, 0, -0.24956477, 0, 4.993767, 22.290861, 0.5, 32.870045)

[node name="patch-grass10" parent="Centre/Patches" instance=ExtResource("7_wbovk")]
transform = Transform3D(-2.280754, 0, -4.449511, 0, 3.9999986, 0, 4.449511, 0, -2.280754, 36.590862, 0.5, 23.370045)

[node name="patch-grass14" parent="Centre/Patches" instance=ExtResource("7_wbovk")]
transform = Transform3D(4.449511, 0, -2.2807539, 0, 3.9999986, 0, 2.2807539, 0, 4.449511, 42.090862, 0.5, -10.729956)

[node name="patch-grass4" parent="Centre/Patches" instance=ExtResource("7_wbovk")]
transform = Transform3D(1.7101007, 0, 4.69846, 0, 3.9999986, 0, -4.69846, 0, 1.7101007, -11.5, 0.5, 70.700005)

[node name="patch-grass6" parent="Centre/Patches" instance=ExtResource("7_wbovk")]
transform = Transform3D(-4.5315366, 0, -2.113089, 0, 3.9999986, 0, 2.113089, 0, -4.5315366, -19.7, 0.5, 71.700005)

[node name="patch-grass5" parent="Centre/Patches" instance=ExtResource("7_wbovk")]
transform = Transform3D(4.980971, 0, 0.43577743, 0, 3.9999986, 0, -0.43577743, 0, 4.980971, -17, 0.5, 83.600006)

[node name="patch-grass3" parent="Centre/Patches" instance=ExtResource("7_wbovk")]
transform = Transform3D(-2.1130908, 0, -4.531537, 0, 3.9999995, 0, 4.531537, 0, -2.1130908, -27.7, 0.5, 85.3)

[node name="flat-grass" parent="Centre/Patches" instance=ExtResource("8_6m50f")]
transform = Transform3D(34.959896, 0, 0.9571219, 0, 4, 0, -1.6749634, 0, 19.977085, 12.6, 0.5, 5.4)

[node name="flat-grass2" parent="Centre/Patches" instance=ExtResource("8_6m50f")]
transform = Transform3D(22.936255, 0, 6.882917, 0, 4, 0, -16.060139, 0, 9.8298235, 8.7, 0.5, 31.000002)

[node name="flat-grass3" parent="Centre/Patches" instance=ExtResource("8_6m50f")]
transform = Transform3D(9.829824, 0, 5.7357645, 0, 4, 0, -6.8829184, 0, 8.191522, -10, 0.5, 27.9)

[node name="Grass" type="Node3D" parent="Centre"]
transform = Transform3D(1, 0, 0, 0, 1, 0, 0, 0, 1, -7, 1.5, 40)

[node name="grass-plant2" parent="Centre/Grass" instance=ExtResource("14_ja4ei")]

[node name="grass2" parent="Centre/Grass" instance=ExtResource("15_0e3yf")]
transform = Transform3D(1, 0, 0, 0, 1, 0, 0, 0, 1, -2.2000008, 0, 2.3999977)

[node name="grass3" parent="Centre/Grass" instance=ExtResource("15_0e3yf")]
transform = Transform3D(1, 0, 0, 0, 1, 0, 0, 0, 1, -0.70000076, 0, -3.1000023)

[node name="grass4" parent="Centre/Grass" instance=ExtResource("15_0e3yf")]
transform = Transform3D(1, 0, 0, 0, 1, 0, 0, 0, 1, 2.6999993, 0, 1.2999992)

[node name="grass-plant3" parent="Centre/Grass" instance=ExtResource("14_ja4ei")]
transform = Transform3D(0.57357645, 0, 0.81915206, 0, 1, 0, -0.81915206, 0, 0.57357645, 5.4558077, 0, -3.376999)

[node name="grass5" parent="Centre/Grass" instance=ExtResource("15_0e3yf")]
transform = Transform3D(0.57357645, 0, 0.81915206, 0, 1, 0, -0.81915206, 0, 0.57357645, 6.159902, 0, -0.19828033)

[node name="grass6" parent="Centre/Grass" instance=ExtResource("15_0e3yf")]
transform = Transform3D(0.57357645, 0, 0.81915206, 0, 1, 0, -0.81915206, 0, 0.57357645, 2.5149302, 0, -4.5816765)

[node name="grass7" parent="Centre/Grass" instance=ExtResource("15_0e3yf")]
transform = Transform3D(0.57357645, 0, 0.81915206, 0, 1, 0, -0.81915206, 0, 0.57357645, 8.069361, 0, -4.8430595)

[node name="grass-plant4" parent="Centre/Grass" instance=ExtResource("14_ja4ei")]
transform = Transform3D(-0.17364812, 0, -0.9848078, 0, 1, 0, 0.9848078, 0, -0.17364812, 6.789038, 0, 4.0252876)

[node name="grass8" parent="Centre/Grass" instance=ExtResource("15_0e3yf")]
transform = Transform3D(-0.17364812, 0, -0.9848078, 0, 1, 0, 0.9848078, 0, -0.17364812, 4.807527, 0, 1.4419518)

[node name="grass9" parent="Centre/Grass" instance=ExtResource("15_0e3yf")]
transform = Transform3D(-0.17364812, 0, -0.9848078, 0, 1, 0, 0.9848078, 0, -0.17364812, 9.963497, 0, 3.8742256)

[node name="grass10" parent="Centre/Grass" instance=ExtResource("15_0e3yf")]
transform = Transform3D(-0.17364812, 0, -0.9848078, 0, 1, 0, 0.9848078, 0, -0.17364812, 5.0399384, 0, 6.458523)

[node name="grass-plant5" parent="Centre/Grass" instance=ExtResource("14_ja4ei")]
transform = Transform3D(-0.86602545, 0, 0.49999994, 0, 1, 0, -0.49999994, 0, -0.86602545, 9.731696, 0, 9.554897)

[node name="grass11" parent="Centre/Grass" instance=ExtResource("15_0e3yf")]
transform = Transform3D(-0.86602545, 0, 0.49999994, 0, 1, 0, -0.49999994, 0, -0.86602545, 12.836954, 0, 8.576439)

[node name="grass12" parent="Centre/Grass" instance=ExtResource("15_0e3yf")]
transform = Transform3D(-0.86602545, 0, 0.49999994, 0, 1, 0, -0.49999994, 0, -0.86602545, 8.78792, 0, 12.589581)

[node name="grass13" parent="Centre/Grass" instance=ExtResource("15_0e3yf")]
transform = Transform3D(-0.86602545, 0, 0.49999994, 0, 1, 0, -0.49999994, 0, -0.86602545, 8.04343, 0, 7.079067)

[node name="grass-plant6" parent="Centre/Grass" instance=ExtResource("14_ja4ei")]
transform = Transform3D(0.64278764, 0, -0.7660445, 0, 1, 0, 0.7660445, 0, 0.64278764, 0.39704657, 0, 6.991886)

[node name="grass14" parent="Centre/Grass" instance=ExtResource("15_0e3yf")]
transform = Transform3D(0.64278764, 0, -0.7660445, 0, 1, 0, 0.7660445, 0, 0.64278764, -2.8555937, 0, 6.8492775)

[node name="grass15" parent="Centre/Grass" instance=ExtResource("15_0e3yf")]
transform = Transform3D(0.64278764, 0, -0.7660445, 0, 1, 0, 0.7660445, 0, 0.64278764, 2.3218293, 0, 4.463009)

[node name="grass16" parent="Centre/Grass" instance=ExtResource("15_0e3yf")]
transform = Transform3D(0.64278764, 0, -0.7660445, 0, 1, 0, 0.7660445, 0, 0.64278764, 1.1367135, 0, 9.895828)

[node name="grass-plant7" parent="Centre/Grass" instance=ExtResource("14_ja4ei")]
transform = Transform3D(0.64278764, 0, -0.7660445, 0, 1, 0, 0.7660445, 0, 0.64278764, 4.7970467, 0, 13.091885)

[node name="grass17" parent="Centre/Grass" instance=ExtResource("15_0e3yf")]
transform = Transform3D(0.64278764, 0, -0.7660445, 0, 1, 0, 0.7660445, 0, 0.64278764, 1.5444064, 0, 12.949276)

[node name="grass18" parent="Centre/Grass" instance=ExtResource("15_0e3yf")]
transform = Transform3D(0.64278764, 0, -0.7660445, 0, 1, 0, 0.7660445, 0, 0.64278764, 6.7218294, 0, 10.563007)

[node name="grass19" parent="Centre/Grass" instance=ExtResource("15_0e3yf")]
transform = Transform3D(0.64278764, 0, -0.7660445, 0, 1, 0, 0.7660445, 0, 0.64278764, 5.5367136, 0, 15.995827)

[node name="grass-plant8" parent="Centre/Grass" instance=ExtResource("14_ja4ei")]
transform = Transform3D(-0.64278764, 0, -0.7660445, 0, 1, 0, 0.7660445, 0, -0.64278764, -2.4672365, 0, 14.484722)

[node name="grass20" parent="Centre/Grass" instance=ExtResource("15_0e3yf")]
transform = Transform3D(-0.64278764, 0, -0.7660445, 0, 1, 0, 0.7660445, 0, -0.64278764, -2.8916092, 0, 11.256733)

[node name="grass21" parent="Centre/Grass" instance=ExtResource("15_0e3yf")]
transform = Transform3D(-0.64278764, 0, -0.7660445, 0, 1, 0, 0.7660445, 0, -0.64278764, 0.3574562, 0, 15.941128)

[node name="grass22" parent="Centre/Grass" instance=ExtResource("15_0e3yf")]
transform = Transform3D(-0.64278764, 0, -0.7660445, 0, 1, 0, 0.7660445, 0, -0.64278764, -5.198619, 0, 15.717415)

[node name="grass-plant9" parent="Centre/Grass" instance=ExtResource("14_ja4ei")]
transform = Transform3D(0.17364818, 0, -0.98480785, 0, 1, 0, 0.98480785, 0, 0.17364818, -0.49359655, 0, 20.673195)

[node name="grass23" parent="Centre/Grass" instance=ExtResource("15_0e3yf")]
transform = Transform3D(0.17364818, 0, -0.98480785, 0, 1, 0, 0.98480785, 0, 0.17364818, -3.2391624, 0, 18.92337)

[node name="grass24" parent="Centre/Grass" instance=ExtResource("15_0e3yf")]
transform = Transform3D(0.17364818, 0, -0.98480785, 0, 1, 0, 0.98480785, 0, 0.17364818, 2.4377522, 0, 19.445515)

[node name="grass25" parent="Centre/Grass" instance=ExtResource("15_0e3yf")]
transform = Transform3D(0.17364818, 0, -0.98480785, 0, 1, 0, 0.98480785, 0, 0.17364818, -1.3049984, 0, 23.55791)

[node name="grass-plant10" parent="Centre/Grass" instance=ExtResource("14_ja4ei")]
transform = Transform3D(0.57357645, 0, -0.81915206, 0, 1, 0, 0.81915206, 0, 0.57357645, -7.598447, 0, 10.104923)

[node name="grass26" parent="Centre/Grass" instance=ExtResource("15_0e3yf")]
transform = Transform3D(0.57357645, 0, -0.81915206, 0, 1, 0, 0.81915206, 0, 0.57357645, -10.8262825, 0, 9.679367)

[node name="grass27" parent="Centre/Grass" instance=ExtResource("15_0e3yf")]
transform = Transform3D(0.57357645, 0, -0.81915206, 0, 1, 0, 0.81915206, 0, 0.57357645, -5.4605827, 0, 7.7534256)

[node name="grass28" parent="Centre/Grass" instance=ExtResource("15_0e3yf")]
transform = Transform3D(0.57357645, 0, -0.81915206, 0, 1, 0, 0.81915206, 0, 0.57357645, -7.1146936, 0, 13.062275)

[node name="grass-plant11" parent="Centre/Grass" instance=ExtResource("14_ja4ei")]
transform = Transform3D(0.57357645, 0, -0.81915206, 0, 1, 0, 0.81915206, 0, 0.57357645, -6.398447, 0, 1.504921)

[node name="grass29" parent="Centre/Grass" instance=ExtResource("15_0e3yf")]
transform = Transform3D(0.57357645, 0, -0.81915206, 0, 1, 0, 0.81915206, 0, 0.57357645, -9.626282, 0, 1.0793686)

[node name="grass30" parent="Centre/Grass" instance=ExtResource("15_0e3yf")]
transform = Transform3D(0.57357645, 0, -0.81915206, 0, 1, 0, 0.81915206, 0, 0.57357645, -4.260583, 0, -0.8465729)

[node name="grass31" parent="Centre/Grass" instance=ExtResource("15_0e3yf")]
transform = Transform3D(0.57357645, 0, -0.81915206, 0, 1, 0, 0.81915206, 0, 0.57357645, -5.914694, 0, 4.4622726)

[node name="grass-plant12" parent="Centre/Grass" instance=ExtResource("14_ja4ei")]
transform = Transform3D(-0.0871557, 0, -0.99619466, 0, 1, 0, 0.99619466, 0, -0.0871557, -12.80493, 0, 6.212883)

[node name="grass32" parent="Centre/Grass" instance=ExtResource("15_0e3yf")]
transform = Transform3D(-0.0871557, 0, -0.99619466, 0, 1, 0, 0.99619466, 0, -0.0871557, -15.004055, 0, 3.8120766)

[node name="grass33" parent="Centre/Grass" instance=ExtResource("15_0e3yf")]
transform = Transform3D(-0.0871557, 0, -0.99619466, 0, 1, 0, 0.99619466, 0, -0.0871557, -9.65572, 0, 5.7857246)

[node name="grass34" parent="Centre/Grass" instance=ExtResource("15_0e3yf")]
transform = Transform3D(-0.0871557, 0, -0.99619466, 0, 1, 0, 0.99619466, 0, -0.0871557, -14.335302, 0, 8.789295)

[node name="grass-plant13" parent="Centre/Grass" instance=ExtResource("14_ja4ei")]
transform = Transform3D(-0.0871557, 0, -0.99619466, 0, 1, 0, 0.99619466, 0, -0.0871557, -13.40493, 0, 14.91288)

[node name="grass35" parent="Centre/Grass" instance=ExtResource("15_0e3yf")]
transform = Transform3D(-0.0871557, 0, -0.99619466, 0, 1, 0, 0.99619466, 0, -0.0871557, -15.604055, 0, 12.512077)

[node name="grass36" parent="Centre/Grass" instance=ExtResource("15_0e3yf")]
transform = Transform3D(-0.0871557, 0, -0.99619466, 0, 1, 0, 0.99619466, 0, -0.0871557, -10.25572, 0, 14.485725)

[node name="grass37" parent="Centre/Grass" instance=ExtResource("15_0e3yf")]
transform = Transform3D(-0.0871557, 0, -0.99619466, 0, 1, 0, 0.99619466, 0, -0.0871557, -14.935303, 0, 17.489296)

[node name="grass-plant14" parent="Centre/Grass" instance=ExtResource("14_ja4ei")]
transform = Transform3D(-0.0871557, 0, -0.99619466, 0, 1, 0, 0.99619466, 0, -0.0871557, -12.104931, 0, 22.41288)

[node name="grass38" parent="Centre/Grass" instance=ExtResource("15_0e3yf")]
transform = Transform3D(-0.0871557, 0, -0.99619466, 0, 1, 0, 0.99619466, 0, -0.0871557, -14.304056, 0, 20.012077)

[node name="grass39" parent="Centre/Grass" instance=ExtResource("15_0e3yf")]
transform = Transform3D(-0.0871557, 0, -0.99619466, 0, 1, 0, 0.99619466, 0, -0.0871557, -8.95572, 0, 21.985725)

[node name="grass40" parent="Centre/Grass" instance=ExtResource("15_0e3yf")]
transform = Transform3D(-0.0871557, 0, -0.99619466, 0, 1, 0, 0.99619466, 0, -0.0871557, -13.6353035, 0, 24.989296)

[node name="grass-plant15" parent="Centre/Grass" instance=ExtResource("14_ja4ei")]
transform = Transform3D(-0.9396926, 0, -0.34202015, 0, 1, 0, 0.34202015, 0, -0.9396926, -9.045691, 0, 19.70805)

[node name="grass41" parent="Centre/Grass" instance=ExtResource("15_0e3yf")]
transform = Transform3D(-0.9396926, 0, -0.34202015, 0, 1, 0, 0.34202015, 0, -0.9396926, -7.7992134, 0, 16.700344)

[node name="grass42" parent="Centre/Grass" instance=ExtResource("15_0e3yf")]
transform = Transform3D(-0.9396926, 0, -0.34202015, 0, 1, 0, 0.34202015, 0, -0.9396926, -7.3276424, 0, 22.38168)

[node name="grass43" parent="Centre/Grass" instance=ExtResource("15_0e3yf")]
transform = Transform3D(-0.9396926, 0, -0.34202015, 0, 1, 0, 0.34202015, 0, -0.9396926, -12.027479, 0, 19.4099)

[node name="grass-plant16" parent="Centre/Grass" instance=ExtResource("14_ja4ei")]
transform = Transform3D(-0.9396926, 0, -0.34202015, 0, 1, 0, 0.34202015, 0, -0.9396926, -1.0456905, 0, 28.40805)

[node name="grass44" parent="Centre/Grass" instance=ExtResource("15_0e3yf")]
transform = Transform3D(-0.9396926, 0, -0.34202015, 0, 1, 0, 0.34202015, 0, -0.9396926, 0.20078659, 0, 25.400345)

[node name="grass45" parent="Centre/Grass" instance=ExtResource("15_0e3yf")]
transform = Transform3D(-0.9396926, 0, -0.34202015, 0, 1, 0, 0.34202015, 0, -0.9396926, 0.67235756, 0, 31.08168)

[node name="grass46" parent="Centre/Grass" instance=ExtResource("15_0e3yf")]
transform = Transform3D(-0.9396926, 0, -0.34202015, 0, 1, 0, 0.34202015, 0, -0.9396926, -4.027479, 0, 28.109901)

[node name="grass-plant17" parent="Centre/Grass" instance=ExtResource("14_ja4ei")]
transform = Transform3D(-0.99619466, 0, 0.08715576, 0, 1, 0, -0.08715576, 0, -0.99619466, -0.41289282, 0, 35.49507)

[node name="grass47" parent="Centre/Grass" instance=ExtResource("15_0e3yf")]
transform = Transform3D(-0.99619466, 0, 0.08715576, 0, 1, 0, -0.08715576, 0, -0.99619466, 1.9879107, 0, 33.29595)

[node name="grass48" parent="Centre/Grass" instance=ExtResource("15_0e3yf")]
transform = Transform3D(-0.99619466, 0, 0.08715576, 0, 1, 0, -0.08715576, 0, -0.99619466, 0.014262676, 0, 38.64428)

[node name="grass49" parent="Centre/Grass" instance=ExtResource("15_0e3yf")]
transform = Transform3D(-0.99619466, 0, 0.08715576, 0, 1, 0, -0.08715576, 0, -0.99619466, -2.9893084, 0, 33.9647)

[node name="grass-plant18" parent="Centre/Grass" instance=ExtResource("14_ja4ei")]
transform = Transform3D(0.42261824, 0, 0.90630776, 0, 1, 0, -0.90630776, 0, 0.42261824, -3.264823, 0, 42.041283)

[node name="grass50" parent="Centre/Grass" instance=ExtResource("15_0e3yf")]
transform = Transform3D(0.42261824, 0, 0.90630776, 0, 1, 0, -0.90630776, 0, 0.42261824, -2.0194502, 0, 45.049446)

[node name="grass51" parent="Centre/Grass" instance=ExtResource("15_0e3yf")]
transform = Transform3D(0.42261824, 0, 0.90630776, 0, 1, 0, -0.90630776, 0, 0.42261824, -6.370207, 0, 41.365585)

[node name="grass52" parent="Centre/Grass" instance=ExtResource("15_0e3yf")]
transform = Transform3D(0.42261824, 0, 0.90630776, 0, 1, 0, -0.90630776, 0, 0.42261824, -0.9455571, 0, 40.14366)

[node name="grass-plant19" parent="Centre/Grass" instance=ExtResource("14_ja4ei")]
transform = Transform3D(-0.08715576, 0, 0.99619466, 0, 1, 0, -0.99619466, 0, -0.08715576, -6.0037975, 0, 35.71325)

[node name="grass53" parent="Centre/Grass" instance=ExtResource("15_0e3yf")]
transform = Transform3D(-0.08715576, 0, 0.99619466, 0, 1, 0, -0.99619466, 0, -0.08715576, -3.4211912, 0, 37.69571)

[node name="grass54" parent="Centre/Grass" instance=ExtResource("15_0e3yf")]
transform = Transform3D(-0.08715576, 0, 0.99619466, 0, 1, 0, -0.99619466, 0, -0.08715576, -9.030985, 0, 36.68077)

[node name="grass55" parent="Centre/Grass" instance=ExtResource("15_0e3yf")]
transform = Transform3D(-0.08715576, 0, 0.99619466, 0, 1, 0, -0.99619466, 0, -0.08715576, -4.944064, 0, 32.910233)

[node name="grass-plant20" parent="Centre/Grass" instance=ExtResource("14_ja4ei")]
transform = Transform3D(-0.08715576, 0, 0.99619466, 0, 1, 0, -0.99619466, 0, -0.08715576, -9.103798, 0, 28.513252)

[node name="grass56" parent="Centre/Grass" instance=ExtResource("15_0e3yf")]
transform = Transform3D(-0.08715576, 0, 0.99619466, 0, 1, 0, -0.99619466, 0, -0.08715576, -6.5211916, 0, 30.495712)

[node name="grass57" parent="Centre/Grass" instance=ExtResource("15_0e3yf")]
transform = Transform3D(-0.08715576, 0, 0.99619466, 0, 1, 0, -0.99619466, 0, -0.08715576, -12.130985, 0, 29.480774)

[node name="grass58" parent="Centre/Grass" instance=ExtResource("15_0e3yf")]
transform = Transform3D(-0.08715576, 0, 0.99619466, 0, 1, 0, -0.99619466, 0, -0.08715576, -8.0440645, 0, 25.710236)

[node name="grass-plant21" parent="Centre/Grass" instance=ExtResource("14_ja4ei")]
transform = Transform3D(-0.25881904, 0, 0.96592575, 0, 1, 0, -0.96592575, 0, -0.25881904, -16.107841, 0, 30.440514)

[node name="grass59" parent="Centre/Grass" instance=ExtResource("15_0e3yf")]
transform = Transform3D(-0.25881904, 0, 0.96592575, 0, 1, 0, -0.96592575, 0, -0.25881904, -13.220219, 0, 31.944397)

[node name="grass60" parent="Centre/Grass" instance=ExtResource("15_0e3yf")]
transform = Transform3D(-0.25881904, 0, 0.96592575, 0, 1, 0, -0.96592575, 0, -0.25881904, -18.92103, 0, 31.919006)

[node name="grass61" parent="Centre/Grass" instance=ExtResource("15_0e3yf")]
transform = Transform3D(-0.25881904, 0, 0.96592575, 0, 1, 0, -0.96592575, 0, -0.25881904, -15.550945, 0, 27.496063)

[node name="grass-plant22" parent="Centre/Grass" instance=ExtResource("14_ja4ei")]
transform = Transform3D(-0.25881904, 0, 0.96592575, 0, 1, 0, -0.96592575, 0, -0.25881904, -21.507841, 0, 36.540512)

[node name="grass62" parent="Centre/Grass" instance=ExtResource("15_0e3yf")]
transform = Transform3D(-0.25881904, 0, 0.96592575, 0, 1, 0, -0.96592575, 0, -0.25881904, -18.620218, 0, 38.044395)

[node name="grass63" parent="Centre/Grass" instance=ExtResource("15_0e3yf")]
transform = Transform3D(-0.25881904, 0, 0.96592575, 0, 1, 0, -0.96592575, 0, -0.25881904, -24.32103, 0, 38.019005)

[node name="grass64" parent="Centre/Grass" instance=ExtResource("15_0e3yf")]
transform = Transform3D(-0.25881904, 0, 0.96592575, 0, 1, 0, -0.96592575, 0, -0.25881904, -20.950945, 0, 33.59606)

[node name="grass-plant23" parent="Centre/Grass" instance=ExtResource("14_ja4ei")]
transform = Transform3D(-0.76604456, 0, 0.64278764, 0, 1, 0, -0.64278764, 0, -0.76604456, -23.684727, 0, 50.63276)

[node name="grass65" parent="Centre/Grass" instance=ExtResource("15_0e3yf")]
transform = Transform3D(-0.76604456, 0, 0.64278764, 0, 1, 0, -0.64278764, 0, -0.76604456, -20.456734, 0, 50.208397)

[node name="grass66" parent="Centre/Grass" instance=ExtResource("15_0e3yf")]
transform = Transform3D(-0.76604456, 0, 0.64278764, 0, 1, 0, -0.64278764, 0, -0.76604456, -25.141125, 0, 53.45745)

[node name="grass67" parent="Centre/Grass" instance=ExtResource("15_0e3yf")]
transform = Transform3D(-0.76604456, 0, 0.64278764, 0, 1, 0, -0.64278764, 0, -0.76604456, -24.917416, 0, 47.90139)

[node name="grass-plant24" parent="Centre/Grass" instance=ExtResource("14_ja4ei")]
transform = Transform3D(0.76604456, 0, -0.6427875, 0, 1, 0, 0.6427875, 0, 0.76604456, -22.015268, 0, 43.46723)

[node name="grass68" parent="Centre/Grass" instance=ExtResource("15_0e3yf")]
transform = Transform3D(0.76604456, 0, -0.6427875, 0, 1, 0, 0.6427875, 0, 0.76604456, -25.243263, 0, 43.891594)

[node name="grass69" parent="Centre/Grass" instance=ExtResource("15_0e3yf")]
transform = Transform3D(0.76604456, 0, -0.6427875, 0, 1, 0, 0.6427875, 0, 0.76604456, -20.558872, 0, 40.64254)

[node name="grass70" parent="Centre/Grass" instance=ExtResource("15_0e3yf")]
transform = Transform3D(0.76604456, 0, -0.6427875, 0, 1, 0, 0.6427875, 0, 0.76604456, -20.782581, 0, 46.1986)

[node name="grass-plant25" parent="Centre/Grass" instance=ExtResource("14_ja4ei")]
transform = Transform3D(0.9396926, 0, 0.34202027, 0, 1, 0, -0.34202027, 0, 0.9396926, -8.754304, 0, 47.09194)

[node name="grass71" parent="Centre/Grass" instance=ExtResource("15_0e3yf")]
transform = Transform3D(0.9396926, 0, 0.34202027, 0, 1, 0, -0.34202027, 0, 0.9396926, -10.000795, 0, 50.099648)

[node name="grass72" parent="Centre/Grass" instance=ExtResource("15_0e3yf")]
transform = Transform3D(0.9396926, 0, 0.34202027, 0, 1, 0, -0.34202027, 0, 0.9396926, -10.472364, 0, 44.41832)

[node name="grass73" parent="Centre/Grass" instance=ExtResource("15_0e3yf")]
transform = Transform3D(0.9396926, 0, 0.34202027, 0, 1, 0, -0.34202027, 0, 0.9396926, -5.7725267, 0, 47.390083)

[node name="grass-plant26" parent="Centre/Grass" instance=ExtResource("14_ja4ei")]
transform = Transform3D(-0.96592593, 0, 0.25881895, 0, 1, 0, -0.25881895, 0, -0.96592593, -15.337126, 0, 47.181946)

[node name="grass74" parent="Centre/Grass" instance=ExtResource("15_0e3yf")]
transform = Transform3D(-0.96592593, 0, 0.25881895, 0, 1, 0, -0.25881895, 0, -0.96592593, -12.590912, 0, 45.433136)

[node name="grass75" parent="Centre/Grass" instance=ExtResource("15_0e3yf")]
transform = Transform3D(-0.96592593, 0, 0.25881895, 0, 1, 0, -0.25881895, 0, -0.96592593, -15.463299, 0, 50.35749)

[node name="grass76" parent="Centre/Grass" instance=ExtResource("15_0e3yf")]
transform = Transform3D(-0.96592593, 0, 0.25881895, 0, 1, 0, -0.25881895, 0, -0.96592593, -17.608648, 0, 45.227448)

[node name="grass-plant27" parent="Centre/Grass" instance=ExtResource("14_ja4ei")]
transform = Transform3D(-0.96592593, 0, 0.25881895, 0, 1, 0, -0.25881895, 0, -0.96592593, -13.237125, 0, 36.081947)

[node name="grass77" parent="Centre/Grass" instance=ExtResource("15_0e3yf")]
transform = Transform3D(-0.96592593, 0, 0.25881895, 0, 1, 0, -0.25881895, 0, -0.96592593, -10.4909115, 0, 34.333138)

[node name="grass78" parent="Centre/Grass" instance=ExtResource("15_0e3yf")]
transform = Transform3D(-0.96592593, 0, 0.25881895, 0, 1, 0, -0.25881895, 0, -0.96592593, -13.363298, 0, 39.257492)

[node name="grass79" parent="Centre/Grass" instance=ExtResource("15_0e3yf")]
transform = Transform3D(-0.96592593, 0, 0.25881895, 0, 1, 0, -0.25881895, 0, -0.96592593, -15.508648, 0, 34.12745)

[node name="grass-plant28" parent="Centre/Grass" instance=ExtResource("14_ja4ei")]
transform = Transform3D(-0.96592593, 0, 0.25881895, 0, 1, 0, -0.25881895, 0, -0.96592593, -14.137125, 0, 41.38195)

[node name="grass80" parent="Centre/Grass" instance=ExtResource("15_0e3yf")]
transform = Transform3D(-0.96592593, 0, 0.25881895, 0, 1, 0, -0.25881895, 0, -0.96592593, -11.390911, 0, 39.63314)

[node name="grass81" parent="Centre/Grass" instance=ExtResource("15_0e3yf")]
transform = Transform3D(-0.96592593, 0, 0.25881895, 0, 1, 0, -0.25881895, 0, -0.96592593, -14.263298, 0, 44.557495)

[node name="grass82" parent="Centre/Grass" instance=ExtResource("15_0e3yf")]
transform = Transform3D(-0.96592593, 0, 0.25881895, 0, 1, 0, -0.25881895, 0, -0.96592593, -16.408648, 0, 39.427452)

[node name="grass-plant29" parent="Centre/Grass" instance=ExtResource("14_ja4ei")]
transform = Transform3D(-0.96592593, 0, 0.25881895, 0, 1, 0, -0.25881895, 0, -0.96592593, 16.462875, 0, 5.081951)

[node name="grass83" parent="Centre/Grass" instance=ExtResource("15_0e3yf")]
transform = Transform3D(-0.96592593, 0, 0.25881895, 0, 1, 0, -0.25881895, 0, -0.96592593, 19.209087, 0, 3.3331413)

[node name="grass84" parent="Centre/Grass" instance=ExtResource("15_0e3yf")]
transform = Transform3D(-0.96592593, 0, 0.25881895, 0, 1, 0, -0.25881895, 0, -0.96592593, 16.3367, 0, 8.257496)

[node name="grass85" parent="Centre/Grass" instance=ExtResource("15_0e3yf")]
transform = Transform3D(-0.96592593, 0, 0.25881895, 0, 1, 0, -0.25881895, 0, -0.96592593, 14.191352, 0, 3.1274529)

[node name="grass-plant30" parent="Centre/Grass" instance=ExtResource("14_ja4ei")]
transform = Transform3D(-0.96592593, 0, 0.25881895, 0, 1, 0, -0.25881895, 0, -0.96592593, 42.462875, 0, -12.8180485)

[node name="grass86" parent="Centre/Grass" instance=ExtResource("15_0e3yf")]
transform = Transform3D(-0.96592593, 0, 0.25881895, 0, 1, 0, -0.25881895, 0, -0.96592593, 45.209087, 0, -14.566858)

[node name="grass87" parent="Centre/Grass" instance=ExtResource("15_0e3yf")]
transform = Transform3D(-0.96592593, 0, 0.25881895, 0, 1, 0, -0.25881895, 0, -0.96592593, 42.3367, 0, -9.642504)

[node name="grass88" parent="Centre/Grass" instance=ExtResource("15_0e3yf")]
transform = Transform3D(-0.96592593, 0, 0.25881895, 0, 1, 0, -0.25881895, 0, -0.96592593, 40.191353, 0, -14.772547)

[node name="grass-plant31" parent="Centre/Grass" instance=ExtResource("14_ja4ei")]
transform = Transform3D(0.9848077, 0, 0.17364833, 0, 1, 0, -0.17364833, 0, 0.9848077, 29.673208, 0, -2.8063927)

[node name="grass89" parent="Centre/Grass" instance=ExtResource("15_0e3yf")]
transform = Transform3D(0.9848077, 0, 0.17364833, 0, 1, 0, -0.17364833, 0, 0.9848077, 27.923374, 0, -0.060829163)

[node name="grass90" parent="Centre/Grass" instance=ExtResource("15_0e3yf")]
transform = Transform3D(0.9848077, 0, 0.17364833, 0, 1, 0, -0.17364833, 0, 0.9848077, 28.44552, 0, -5.7377357)

[node name="grass91" parent="Centre/Grass" instance=ExtResource("15_0e3yf")]
transform = Transform3D(0.9848077, 0, 0.17364833, 0, 1, 0, -0.17364833, 0, 0.9848077, 32.557915, 0, -1.9950066)

[node name="grass-plant32" parent="Centre/Grass" instance=ExtResource("14_ja4ei")]
transform = Transform3D(0.81915194, 0, 0.57357657, 0, 1, 0, -0.57357657, 0, 0.81915194, 38.004936, 0, -8.201546)

[node name="grass92" parent="Centre/Grass" instance=ExtResource("15_0e3yf")]
transform = Transform3D(0.81915194, 0, 0.57357657, 0, 1, 0, -0.57357657, 0, 0.81915194, 37.579372, 0, -4.973709)

[node name="grass93" parent="Centre/Grass" instance=ExtResource("15_0e3yf")]
transform = Transform3D(0.81915194, 0, 0.57357657, 0, 1, 0, -0.57357657, 0, 0.81915194, 35.653435, 0, -10.339401)

[node name="grass94" parent="Centre/Grass" instance=ExtResource("15_0e3yf")]
transform = Transform3D(0.81915194, 0, 0.57357657, 0, 1, 0, -0.57357657, 0, 0.81915194, 40.962273, 0, -8.685308)

[node name="grass-plant33" parent="Centre/Grass" instance=ExtResource("14_ja4ei")]
transform = Transform3D(0.81915194, 0, 0.57357657, 0, 1, 0, -0.57357657, 0, 0.81915194, 33.404938, 0, -8.4015465)

[node name="grass95" parent="Centre/Grass" instance=ExtResource("15_0e3yf")]
transform = Transform3D(0.81915194, 0, 0.57357657, 0, 1, 0, -0.57357657, 0, 0.81915194, 32.97937, 0, -5.17371)

[node name="grass96" parent="Centre/Grass" instance=ExtResource("15_0e3yf")]
transform = Transform3D(0.81915194, 0, 0.57357657, 0, 1, 0, -0.57357657, 0, 0.81915194, 31.053434, 0, -10.539402)

[node name="grass97" parent="Centre/Grass" instance=ExtResource("15_0e3yf")]
transform = Transform3D(0.81915194, 0, 0.57357657, 0, 1, 0, -0.57357657, 0, 0.81915194, 36.362274, 0, -8.885309)

[node name="grass-plant34" parent="Centre/Grass" instance=ExtResource("14_ja4ei")]
transform = Transform3D(0.96592575, 0, 0.25881922, 0, 1, 0, -0.25881922, 0, 0.96592575, 22.05949, 0, -0.90782166)

[node name="grass98" parent="Centre/Grass" instance=ExtResource("15_0e3yf")]
transform = Transform3D(0.96592575, 0, 0.25881922, 0, 1, 0, -0.25881922, 0, 0.96592575, 20.555603, 0, 1.9798012)

[node name="grass99" parent="Centre/Grass" instance=ExtResource("15_0e3yf")]
transform = Transform3D(0.96592575, 0, 0.25881922, 0, 1, 0, -0.25881922, 0, 0.96592575, 20.58099, 0, -3.7210083)

[node name="grass100" parent="Centre/Grass" instance=ExtResource("15_0e3yf")]
transform = Transform3D(0.96592575, 0, 0.25881922, 0, 1, 0, -0.25881922, 0, 0.96592575, 25.003931, 0, -0.3509369)

[node name="grass-plant35" parent="Centre/Grass" instance=ExtResource("14_ja4ei")]
transform = Transform3D(0.96592575, 0, 0.25881922, 0, 1, 0, -0.25881922, 0, 0.96592575, 15.75949, 0, -1.2078209)

[node name="grass101" parent="Centre/Grass" instance=ExtResource("15_0e3yf")]
transform = Transform3D(0.96592575, 0, 0.25881922, 0, 1, 0, -0.25881922, 0, 0.96592575, 14.255603, 0, 1.679802)

[node name="grass102" parent="Centre/Grass" instance=ExtResource("15_0e3yf")]
transform = Transform3D(0.96592575, 0, 0.25881922, 0, 1, 0, -0.25881922, 0, 0.96592575, 14.28099, 0, -4.0210075)

[node name="grass103" parent="Centre/Grass" instance=ExtResource("15_0e3yf")]
transform = Transform3D(0.96592575, 0, 0.25881922, 0, 1, 0, -0.25881922, 0, 0.96592575, 18.70393, 0, -0.6509361)

[node name="grass-plant36" parent="Centre/Grass" instance=ExtResource("14_ja4ei")]
transform = Transform3D(0.96592575, 0, 0.25881922, 0, 1, 0, -0.25881922, 0, 0.96592575, 10.45949, 0, -0.30781937)

[node name="grass104" parent="Centre/Grass" instance=ExtResource("15_0e3yf")]
transform = Transform3D(0.96592575, 0, 0.25881922, 0, 1, 0, -0.25881922, 0, 0.96592575, 8.955603, 0, 2.5798035)

[node name="grass105" parent="Centre/Grass" instance=ExtResource("15_0e3yf")]
transform = Transform3D(0.96592575, 0, 0.25881922, 0, 1, 0, -0.25881922, 0, 0.96592575, 8.980989, 0, -3.121006)

[node name="grass106" parent="Centre/Grass" instance=ExtResource("15_0e3yf")]
transform = Transform3D(0.96592575, 0, 0.25881922, 0, 1, 0, -0.25881922, 0, 0.96592575, 13.40393, 0, 0.2490654)

[node name="grass-plant37" parent="Centre/Grass" instance=ExtResource("14_ja4ei")]
transform = Transform3D(0.96592575, 0, 0.25881922, 0, 1, 0, -0.25881922, 0, 0.96592575, -1.24051, 0, -7.407818)

[node name="grass107" parent="Centre/Grass" instance=ExtResource("15_0e3yf")]
transform = Transform3D(0.96592575, 0, 0.25881922, 0, 1, 0, -0.25881922, 0, 0.96592575, -2.7443972, 0, -4.520195)

[node name="grass108" parent="Centre/Grass" instance=ExtResource("15_0e3yf")]
transform = Transform3D(0.96592575, 0, 0.25881922, 0, 1, 0, -0.25881922, 0, 0.96592575, -2.7190104, 0, -10.221006)

[node name="grass109" parent="Centre/Grass" instance=ExtResource("15_0e3yf")]
transform = Transform3D(0.96592575, 0, 0.25881922, 0, 1, 0, -0.25881922, 0, 0.96592575, 1.7039299, 0, -6.850933)

[node name="grass-plant38" parent="Centre/Grass" instance=ExtResource("14_ja4ei")]
transform = Transform3D(0.96592575, 0, 0.25881922, 0, 1, 0, -0.25881922, 0, 0.96592575, -3.5405102, 0, -14.807817)

[node name="grass110" parent="Centre/Grass" instance=ExtResource("15_0e3yf")]
transform = Transform3D(0.96592575, 0, 0.25881922, 0, 1, 0, -0.25881922, 0, 0.96592575, -5.0443974, 0, -11.920195)

[node name="grass111" parent="Centre/Grass" instance=ExtResource("15_0e3yf")]
transform = Transform3D(0.96592575, 0, 0.25881922, 0, 1, 0, -0.25881922, 0, 0.96592575, -5.0190105, 0, -17.621006)

[node name="grass112" parent="Centre/Grass" instance=ExtResource("15_0e3yf")]
transform = Transform3D(0.96592575, 0, 0.25881922, 0, 1, 0, -0.25881922, 0, 0.96592575, -0.5960703, 0, -14.250933)

[node name="grass-plant39" parent="Centre/Grass" instance=ExtResource("14_ja4ei")]
transform = Transform3D(0.96592575, 0, 0.25881922, 0, 1, 0, -0.25881922, 0, 0.96592575, -7.3405104, 0, -7.407818)

[node name="grass113" parent="Centre/Grass" instance=ExtResource("15_0e3yf")]
transform = Transform3D(0.96592575, 0, 0.25881922, 0, 1, 0, -0.25881922, 0, 0.96592575, -8.844398, 0, -4.520195)

[node name="grass114" parent="Centre/Grass" instance=ExtResource("15_0e3yf")]
transform = Transform3D(0.96592575, 0, 0.25881922, 0, 1, 0, -0.25881922, 0, 0.96592575, -8.819011, 0, -10.221006)

[node name="grass115" parent="Centre/Grass" instance=ExtResource("15_0e3yf")]
transform = Transform3D(0.96592575, 0, 0.25881922, 0, 1, 0, -0.25881922, 0, 0.96592575, -4.3960705, 0, -6.850933)

[node name="grass-plant40" parent="Centre/Grass" instance=ExtResource("14_ja4ei")]
transform = Transform3D(0.96592575, 0, 0.25881922, 0, 1, 0, -0.25881922, 0, 0.96592575, -11.54051, 0, -1.6078186)

[node name="grass116" parent="Centre/Grass" instance=ExtResource("15_0e3yf")]
transform = Transform3D(0.96592575, 0, 0.25881922, 0, 1, 0, -0.25881922, 0, 0.96592575, -13.044397, 0, 1.2798042)

[node name="grass117" parent="Centre/Grass" instance=ExtResource("15_0e3yf")]
transform = Transform3D(0.96592575, 0, 0.25881922, 0, 1, 0, -0.25881922, 0, 0.96592575, -13.019011, 0, -4.4210052)

[node name="grass118" parent="Centre/Grass" instance=ExtResource("15_0e3yf")]
transform = Transform3D(0.96592575, 0, 0.25881922, 0, 1, 0, -0.25881922, 0, 0.96592575, -8.596071, 0, -1.0509338)

[node name="grass-plant41" parent="Centre/Grass" instance=ExtResource("14_ja4ei")]
transform = Transform3D(0.96592575, 0, 0.25881922, 0, 1, 0, -0.25881922, 0, 0.96592575, -9.54051, 0, -15.607819)

[node name="grass119" parent="Centre/Grass" instance=ExtResource("15_0e3yf")]
transform = Transform3D(0.96592575, 0, 0.25881922, 0, 1, 0, -0.25881922, 0, 0.96592575, -11.044397, 0, -12.720196)

[node name="grass120" parent="Centre/Grass" instance=ExtResource("15_0e3yf")]
transform = Transform3D(0.96592575, 0, 0.25881922, 0, 1, 0, -0.25881922, 0, 0.96592575, -11.019011, 0, -18.421005)

[node name="grass121" parent="Centre/Grass" instance=ExtResource("15_0e3yf")]
transform = Transform3D(0.96592575, 0, 0.25881922, 0, 1, 0, -0.25881922, 0, 0.96592575, -6.5960712, 0, -15.050934)

[node name="grass-plant42" parent="Centre/Grass" instance=ExtResource("14_ja4ei")]
transform = Transform3D(0.96592575, 0, 0.25881922, 0, 1, 0, -0.25881922, 0, 0.96592575, -25.840511, 0, -19.507818)

[node name="grass122" parent="Centre/Grass" instance=ExtResource("15_0e3yf")]
transform = Transform3D(0.96592575, 0, 0.25881922, 0, 1, 0, -0.25881922, 0, 0.96592575, -27.344398, 0, -16.620195)

